Samples:
KEY:
1110111011101110111011101110111011101110111011101110111011101110111011101111110111011101110111011101
1101110111011101101110111011101110111011101110111011101110111010101110111011101110111011101110111011
10111011101110111011101110111010101101110111011101110111011101110111011101110111011101110111011101?1
0111011101110111011101011101110111011101110111011101110111011101101110111011101110111011101110111011
1011101110111011101110111011101010111011101110111011101110111011101110111011101110111110111011101110
1110111011101110111011101110111011101110111011101110111011101110101011101110111011101110111011011101
1101011101110111011101110111011011101110111011101110111011011101110111011101110111011101110111011011
1011101110111011101110110111011101110111011101110111011101110110111011101110111011101110111011101110
1110111011101110111011101110110111011101101101110111101110110111011101110111011101110111011101101110
1110111011101110111011101110111011101110111111011101110111011011101110111011101110111011101110111011
1011101110111011101110111011101110111011101110111011101110111011101110111011101110110111011101110111
01110111011101110111011101110111011101110111011101110111011101?1011101110111011101110111011101110111
0111110111011101110111011101110111011101110111011101110111011101110111011101110111011101110111011101
1101110111011101110111010111011101110111011101110111011101110110111011101101110111011101110111011101
1101110111011101110111011101010111011101110110111011101110111011101110111011101110111011101110111011
1011101110111011101110111011101111101110111011101110111011101010111011101110111011101110111011101110
1110111101111101111110111111011110111101101101111101111011111111110111011101111111011011101110111011
1011101?10111011111110111011101110111011101110111011101110111111101111111111101111111101110111111111
1111111111111111111011111011110111101111111111011110111110110111111101111110111110110110111111011101
10111011111111111111011011011011110111111101?0110110110111111111110111011101111111110111011101110101
0111011101110111011101110111011101110110111011101110111011101110111011101110111011101110111011101110
1110111011101110111011101110111011101110111011101110110111011101110111011101110111011101110111011101
1101110111011101110111011101110111011101110111011101110111011101110110111011101110111011101110111011
1011101110111011101110111011101110111011101110111011101110111011101110111011101110110111011101110111
0101011101110111011101110111011101110111011101110111011101110111011101110111011101110111011101110110
1110111011101110111011101110111011101110111011101110111011101110111011101110110110111101110111011101
1101110111011101110111011101110111011101110111011101110111011101110111011101110111011101110111011101
1101110111011101110111011101110111011011101110111011101110111011101110111011101110111011101110111011
1011101010111011101110111011101110111011101110111011011101110111011101110111011101110111011101110111
0111011101110111011101110111011101110111010101110111011101110111011011101110111011101110111011101110
1110111010101110111011101110111011101110111011101110111011101110111011101110101001101110111011101110
1110111011101110111011101110111011101110111010101110111011101110111011101110111011101110111011101101
1101110111010101110111011101110111011101110111011101110111011101110111011101110111011101110111011101
1101110111011101110111011101110111011101110111011101110111011101110111011101110111011101110111011101
1101110111011101110111011101111101110111011101110111011101110111011101110111011101010111011101110111
0111011101110111011101110111011101110111011101101110111011101110111011101110111011101110111011101110
111011101110111011101110111011101110111011101110111011101110110111011101110111011101?101110111011101
1101110111011101110111011101110111011101110110111010101110111011101110111011101110111011101110111011
1011101110111011101010111011101110111011101110011101110111011101110111011101110111011101110111011101
1011101110111011101110111011101110111011101110111011101110111011101110111011101110111011101110111011
1011101110111011011101010111011101110111011101110111011101110111011101110111011101110111010101110111
0111011101110111011101110111011011101110111011101110111011101110111011101110111011101110111011101110
1110111011101110111011101010111011101110110111011101110111011101110111011101110111011101110111011101
1101110111011101110111011101110111011101110111011101101110111011101110111011101110111011101110111011
1011101110111011101110111011101110111011101110111011101110111011101110111011101110111011101110111011
1011101110111011101110111011101110111011101110111011101110111010101110111011101101110111011101110111
0111011101110111011101110111011101110111011101110111011101110111011101110111011101110111011011101?10
11101110111011101110111011101110111011101110111011101110111011101?1011101110111011101110111011101110
1101110111011101110111011101110101011101110111011101110111011101110111011101110110111011101110111010
1011101110111011101110111011101110111011101110111011101110111011101110111011101110111011101110111011
0111011101110111011101110111011101101110111011101110111011101110111011101110111011101110111011101110
1101110111011101110111011101110111011101110110111011101110111011101010111011101110111011101110111011
10111011101110111011101110111011101?1011101110111011101111110111011101110111011101110111011101110111
0111011101110111011101110111011101110111011101110111011101110111011100101110111011101110111011101110
1110111011101110111011101110111011101010111011101110111011101110111011101110111011011101110111011101
1101110111011101110111011101110111011101110111011101110111011101110111011101110111011101110110111011
1011101110111011101110111011101110111011101110111011101110111011101110111011101110111011101110111011
1011111011101110111011101110111011101110111011101110111011101110111011101?10111011101110111011101110
1110111011101110110111011101110111011101110111011101110111011101110111011101110111011101110111011101
1101110111011101110111011101101110111011101110111011101110111011101110111011101110111011101110111011
1011101111110111011101110111011101110111011101110111011101110111011101110111011101110111011101110111
0111011101010111011101110111011101110111011101110111011101110110111011101110111011101110111011101110
1110111011101110111011101110111011101110111011101110111011101110111011101101110111011101110111011101
1101110111010101110111011101110111011101110111011101110111011101110111011101110111011011101110111011
1011101110111011101110111011101110111011101110111011101110111011101110111011101110111011101110111110
1110111011101110111011101110111011101110111011101110111011101110111011101110111011101110111011101110
1110111011011101110111011101110111011101110111011101110111011101110111011101110111011101110111011101
1101110111011101010110111011101110111011111?????????????????????????????????????????????????????????
????????????????????????????????????????????????????????????????????????????????????????????????????
????????????????????????????????????????????????????????????????????????????????????????????????????
????????????????????????????????????????????????????????????????????????????????????????????????????
????????????????????????????????????????????????????????????????????????????????????????????????????
????????????????????????????????????????????????????????????????????????????????????????????????????
????????????????????????????????????????????????????????????????????????????????????????????????????
????????????????????????????????????????11??11010101010110110101011010101010101010101010101010101010
1010101010100101010101010101010101010101010101111110101010111101010101010001001011011010101011111010
10111011110?0101010101010111101010101010101010101010101010101010101010101010100010101010101010101010
1010101010101010101001010101010101010101010101010101010101010101010101010101010101010101010101010101
0101010101010101010101010101010101010101010101010101010101010101010101010101010101010101010101010101
0101010101010101010101010101010101010101010101010101010101010101010101010101010101010101010101010101
0101010101010101010101010101010101010101010101010101010101010101010101010101010101010101010101010101
0101010101010101010101010101010101010101010101010101010101010101010101010101010101010101010101010101
0101010100101010101010101010101010101010101010101010101010101010101010101010101010101010101010101101
0101010101010101010101010101010101010101010101010101010101010101010101010101010101010101010101010101
0101010101010101010101010101010101010101010101010101010101010101010101010101010101010101010101010101
0101010101010101010101010101011011011010101010101011011011010111101010101010001101010101010101010100
1010101011010110101010101010101010101111011101010101010101010101010101010101010101010100101010101010
10101010101010101010101010101010101010101111101010101010101010101010001??101101100111?01001011111010
111110101101?01101100111?101111010111010100110110101010101010101010101010101010101010101010100101010
1010101010101010101010101010101010101010101010101010101010101010101010101010101010101010101010101010
1010101010101010001010101010101010101010101010101010101010101010101010101010101010101010101010101010
1010101010101010101010101010101010101010101010101010101010101010101010101010101010101010101010101010
1010101010101010101010101010101010101010101010101010101010100101010101010101010101010101010101010101
0101010101010101010101010101010101010101010101010101010101010101010101010101010101011010101010101010
1010101010101010101010101010101010101010101010101010101010101010101010101011010101010101010101010101
0101010101010101010101010101010101010101010101010101010101010101010101010101010101010101010101010101
0101010101010101010101010101010101010101001010101010101010101010101010101010101010101010101010101010
1010101010101010101010101010101010101010101010101010101010101010010101010101010101010101010101010101
0101010101010101010101010101010101010101010101010101010101010101010101010101010101010101001010101010
1010101010101010101010101010101010101010101010101010101010101010101010101010101010101010101010101010
1010101010100101010101010101010101010101010101010101010101010101010101010101010101010101010101010101
0101010101010101010101010101010101000101010101010101010101010101010101010101010101010101010101010101
0101010101010101010101010101010101010101010101010101010101001010101010101010101010101010101010101010
1010101010101010101010101010101010101010101010101010101010101010101010101010101010010101010101010101
0101010101010101010101010101010101010101010101010101010101010101010101010101010101010101010101010101
0101001010101010101010101010101010101010101010101010101010101010101010101010101010101010101010101010
1010101010101010101010101010010101010101010101010101010101010101010101010101010101010101010101010101
0101010101010101010101010101010101010101010101010101010101010101010101010101010101010101010101010101
0101010101010101010101010101010101010101010101010101010101010101010101010101010101010101010101010101
0101010101010101010101010101010101010101010101010101010101010101010101010101010101010101010101010101
0101001010101010101010101010101010101010101010101010101010101010101010101010101010101010101010101010
1010101010101010101010101010101010101010101010101010101010101010101101010101010101010101010101010101
0101010101010101010101010101010101010101010101010100101010101010101010101010101010101010101010101010
1010101010101010101010101010101010101010101010101010101010101010101010101011010101010101010101010101
0101010101010101010101010101010101010101010101010101010101010101010101011101011111111010101010010101
0101010101010101010101010101010101010101010101010101010101010101010101010101010101010101010101010101
0101010101010101000101010101010101010101010101010101010101010101010101010101010101010101010101010101
0101010101010101010101010101010101010101010101010101010101010101010101010101010101010101010101010101
0101010101010101010101010101010101010101010101010101010101010110101010101010101010101010101010101010
1010101010101010101010101010101010101010101010101010101010101010101010101010101010101010101010101010
1010101010101010101010101010101010101010101010101010101010101010101010101010101010101010101010101010
1010101010101010001010101010101010101010101010101010101010101010101010101010101010101010101010101010
1010101010101010101010101010101010101010010101010101010101010101010101010101010101010101010101010101
0101010101010101010101010101010101010101010101010101010101010100101010101010101010101010101010101010
1010101010101010101010101010101010101010101010101010101010101010101010101010101010101010101010101010
1010101010101010101010101010101010101010101010101010101010101010101010101010101010101010101010101010
1010101010110101010101010101010101010101010101010101010101010101010101010101010101010101010101010101
0101010101010101010101010101010100101010101010101010101010101010101010101010101010101010101010101010
1010101010101010101010101010101010101010101010101010101000101010101010101010101010101010101010101010
1010101010101010101010101010101010101010101010101010101010101010101010101010101001010101010101010101
0101010101010101010101010101010101010101010101010101010101010101010101010101010101010101010101010101
0100101010101010101010101010101010101010101010101010101010101010101010101010101010101010101010101010
1010101010101010101010101010101010101010101010101010101010101010101010101010101010101010101010101010
1010101010101010101010101010101010101010101010101010101010010101010101010101010101010101010101010101
0101010101010101010101010101010101010101010101010101010101010101010101010101010100101010101010101010
1010101010101010101010101010101010101010101010101010101010101010101010101010101010101010101010101010
1010101010101010101010101010101010101010101010101010101010101010101010101010101010101010101010101010
1010101010101010101010101010010101010101010101010101010101010101010101010101010101010101010101010101
0101010101010101010101010101010101010101010101010101101010101010101010101010101010101010101010101010
1010101010101010101010101010101010101010101010101010101010101010101010101001010101010101010101010101
0101010101010101010101010101010101010101010101010101010101010101010101010101010101010101010101010100
1010101010101010101010101010100101010101010101010101010101010101010101010101010101010101010101010101
0101010101010101010101010101010101010101010101010101010101010101010101010101010101010101010101010101
0101010101010101010101010101010101010101010010101010101010101010101010101010101010101010101010101010
1010101010101010101010101010101010101010101010101010101010101010101010101010101010101010101010101010
1010101010101010101010101010101010101010101010101010101010101010101010101010101010101010101010101001
0101010101010101010101010101010101010101010101010101010101010101010101010101010101010101010101010101
0101010101010101010100101010101010101010101010101010101010101010101010101010101010101010101010101010
1010101010101010101010101010101010101010101000101010101010101010101010101010101010101010101010101010
1010101010101010101010101010101010101010101010101010101010101010101001010101010101010101010101010101
0101010101010101010101010101010101010101010101010101010101010101010101010101010101010101010010101010
1010101010101010101010101010101010101010101010101010101010101010101010101010101010101010101010101010
1010101010101010101010101010101010101010101010101010101010101010101010101010101010101010101010101010
1010101010101011010101010101010101010101010101010101010101010101010101010101010101010101010101010101
0101010101010101010101010101010101010101010101010101010101010101010101010101010101010101010101010101
0101010101010101010101010101010101010101010101010101010101010101010101010101010101010101010101010101
0101010101010101010101010101010101010101010101010101010101010101010101010101010101010101010101010101
0101010101010101010101010101010101010101010101010101010101010101010101010101010101010101010101010101
0101010101010101010101010101010101010101010101010101010101010101010101010101010101010101010101010101
0101010101010101010101010101010101010101010101010101010100101010101010101010101010101011101010101010
101010101010101010101010101010101011????????????????????????????????????????????????????????????????
????????????????????????????????????????????????????????????????????????????????????????????????????
????????????????????????????????????????????????????????????????????????????????????????????????????
????????????????????????????????????????????????????????????????????????????????????????????????????
????????????????????????????????????????????????????????????????????????????????????????????????????
????????????????????????????????????????????????????????????????????????????????????????????????????
????????????????????????????????????????????????????????????????????????????????????????????????????
???????????????????????????????????????110?110101010101010101010101010101010101010101010101010101010
1010101010101010101010101010101010101010101010101011101010101011010101010101???1?1010101010101110101
0101101111111001001011101010101010101010101010101010101010101010101010101010101010101010101010101010
1010101010101010101010101010101010101010101010101010101010101010101010101010101010101010101010101010
1010101010101010101010101010101010101010101010101010101010101010101010101010101010101010101010101010
1010101010101010101010101010101011010101010101010101010101010101010101010101010101010101010101010101
0101010101010101010101010101010101010101010101010101010010101010101010101010101010101010101010101010
1010101010101010101010101010101010101010101010101010101010101010101010101010101011010101010101010101
0101010101010101010101010101010101010101010101010101010101010101010101010101010101010101010101010100
1000101010101010101010101010101010101010101010101010101010101010101010101010101010101010101010101010
1010101010101010101010101001010101010101010101010101010101010101010101010101010101010101010101010101
0101010101010101010101010101010101010101010101010101010101100110111010101010101011011010111010101010
1010010101010101010101010111010110101011110101010110101010101101?10101010101010101010101010101010101
0101010101010101010101010101010101010101011111111110101010101111010101010100010010101110111101000110
11011110101110101010101010101101101011?0101010101010000001101010101010101010101010101010101010101010
1010101010101010101010101010101010101010101010101010101010101010101010101010101010101010101010101010
1010101010101010101010101010101010101010101010101010101010101010101010101010101010101010101010101010
1010101011010101010101010101010101010101010101010101010101010101010101010101010101010101010101010101
0101010101010101010101010101010100101010101010101010101010101010101010101010101010101010101010101010
1010101010101010101010101010101010101010101010101010101001010101010101010101010101010101010101010101
0101010101010101010101010101010101010101010101010101010101010101010101010101010010101010101010101010
1010101010101010101010101010101010101010101010101010101010101010101010101010101010101010101010101010
1000101010101010101010101010101010101010101010101010101010101010101010101010101010101010101010101010
1010101010101010101010100010101010101010101010101010101010101010101010101010101010101010101010101010
1010101010101010101010101010101010101010101010100101010101010101010101010101010101010101010101010101
0101010101010101010101010101010101010100010101010101010101010101010101010101010101010101010101010101
0101010101010101010101010101010101010101010101010101010101010101010101010101010101010101010101010101
0101011010101010101010101010101010101010101010101010101010101010101010101010101010101010101010101010
1010101010101010101010101010010101010101010101010101010101010101010101010101010101010101010101010101
0101010101010101010101010101010101010101010101010101001010101010101010101010101010101010101010101010
1010101010101010101010101010101010101010101010101010101010101010101010101010101010101010101010101010
1010101010101010101010101010101010101010101010101010101010101010101010101010101010101010101010101010
0101010101010101010101010101010101010101010101010101010101010101010101010101010101010101010101010101
0101010101010101010101001010101010101010101010101010101010101010101010101010101010101010101010101010
1010101010101010101010101010101010101010101010010101010101010101010101010101010101010101010101010101
0101010101010101010101010101010101010101010101010101010101010101010100010101010101010101010101010101
0101010101010101010101010101010101010101010101010101010101010101010101010101010101010101010100101010
1010101010101010101010101010101010101010101010101010101010101010101010101010101010101010101010101010
101010101010101010101010101010101010101010101010101010101011101010??10101010101010101010101010101010
1010101010101010101010101010101010101010010101010101010101111110101010101101011110101010111111010101
0101????00100101010010101101010101011001110111101101011110101101?01011010101010101010101010101010101
0101010101010101010101010101010101010101010101001010101010101010101010101010101010101010101010101010
1010101010101010101010101010101010101010101010101010101010101010101010100101010101010101010101010101
0101010101010101010101010101010101010101010101010101010101010101010101010101010101010101010101110101
0101010101010101010101010101010101010101010101010101010101010101010101010101010101010101010101010101
0101010101010101000101010101010101010101010101010101010101001010101010101010101010101010101010101010
1010101010101010101010101010101010101010010101010101010101010101010101010101010101010101010101010101
0101010101010101010101010101010101010101010101010101010101010100010101010101010101010101010101010101
0101010101010101010101010101010101010101010101010101010101010101010101010101010101010100101010101010
1010101010101010101010101010101010101010101010101010101010101010101010100010101010101010101010101010
1010101010101010101010101010101010101010101010101010101010101010101010101010101010101010101010101010
1010101010101010101010101010101010101000101010101010101010101010101010101010101010101010101010101010
1010101010101010101010101010101010101010101010101010101010101010101010101010101010101010101010101010
1010101010101010101010101010101010101010101010101010101010101010101010101010101010101010101010101010
1010101010101010101010101010101010101010101010101010101010101010101010101010101010101010101010101010
1010101010101010101010101010101010101010101010101010101010101010101010101010101010101010101010101010
1010101010101010101010101010010101010101010101010101010101010101010101010101010101010101010101010101
0101010101010101010101010101010101010101010101010101010101010101010101010101010101010101010101010101
0101010101010101010101010101010101010101010101010101010101010101010101010010101010101010101010101010
1010101010101010101010101010101010101010101010101010101010101010101010101010101010101010101010100010
1010101010101010101010101010101010101010101010101010101010101010101010101010101010101010101010101010
1010101010101010101001010101010101010101010101010101010101010101010101010101010101010101010101010101
0101010101010101010101010101010101010101010101010101010101010101010101010101010101010101010101010101
0101010101010101010101010101010101010101010101010101010101010101010101010101010101010101010101010101
0101010101010101010101010101010101010101010101010101010101010101010101010101010101010101010101010101
0101010101010101010101010101010101010101010101010101010101010101010101010101010101010101010101010101
0101010101010101010101001010101010101010101010101010101010101010101010101010101010101010101010101010
1010101010101010101001010101010101010101010101010101010101010101010101010101010101010101010101010101
0101010101010101010101010101010101010101010101010101010101010101010100101010101010101010101010101010
1010101010101010101010101010101010101010101010101010101010101010101010101010101010101010101001010101
0101010101010101010101010101010101010101010101010101010101010101010101010101010101010101010101010101
0101010101010100010101010101010101010101010101010101010101010101010101010101010101010101010101010101
0101010101010101010101010101010101010101010101010101010101010101010101010101010101010101010101010101
0101010101010101010101010101010101010101010101010101010101010010101010101010101010101010101010101010
1010101010101010101010101010101010101010101010101010100101010101010101010101010101010101010101010101
0101010101010101010101010101010101010101010101010101010101010101010101010101010101010101010101010101
0101010101010101010101010101010101010101010101010101010101010101010101010101010101010101010101010101
0101010101010101010101010101010101010101010001010101010101010101010101010101010101010101010101010101
0101010101010101010101010101010101010101010101010101010101010101010010101010101010101010101010101010
1010101010101010101010101010101010101010101010101010101010101010101010101010101010101010100101010101
0101010101010101010101010101010101010101010101010101010101010101010101010101010101010101010101010101
0101010101010101010101010101010101010101010101010101010101010101010101010101010101010101010101010101
0101010101010101010101010101010101010010101010101010101010101010101010101010101010101010101010101010
1010101010101010101010101010101010101010101010101010101010101010101010101010101010101010101010101010
1010101010101010101010101010101010101010101010101010101010101010101010101010101010001010101010101010
1010101010101010101010101010101010101010101010101010101010101010101010101010101010101010101010101010
10101101011?????????????????????????????????????????????????????????????????????????????????????????
????????????????????????????????????????????????????????????????????????????????????????????????????
????????????????????????????????????????????????????????????????????????????????????????????????????
????????????????????????????????????????????????????????????????????????????????????????????????????
????????????????????????????????????????????????????????????????????????????????????????????????????
????????????????????????????????????????????????????????????????????????????????????????????????????
????????????????????????????????????????????????????????????????????????????????????????????????????
??????????????11001100101010101010101010101010101010101010101010101010101010101010101010101010101010
1010101010101001010101?111111011110111101010101010101??001101010100101010101010101011110101101111111
0101101111010100010101010101010101010101010101010101010101010101010101010101010101010101010101010101
0101010101010101010101010101010101010101010101010101010101010101010101010101010101010101010101010101
0101010101010101010101010101010101010101010101010101010101001010101010101010101010101010101010101010
1010101010101010101010101010101010101010101010101010010101010101010101010101010101010101010101010101
0101010101010101010101010101010101010101010101010101010101010101010101010101010101010101010101010101
0101010101010101010101010101010101010101010101010101010101010101010101010101010101010101010101010101
0101010101010101010101010101010101010101001010101010101010101010101010101010101010101010101010101010
1010101010101010101010101010101010101010101010101010101010101010100101010101010101010101010101010101
0101010101010101010101010101010101010101010101010101010101010101010101010101010101010101010101010101
010101010101010101010101010101010110110101010101010101101010111101010101010100101?10101010101?011010
1010101011111101010101010101010101110101011101010101010101010101010101010101010101010101010101010101
0101010100101010101010101010101010101010111111010101010101010101010100??1001010111001100011011010110
1110101010101101001010101100101010111110101110101110001010101010101010101010101010101010101010101010
1010101010101010100101010101010101010101010101010101010101010101010101010101010101010101010101010101
0101010101010101010101010101010101010101011010101010101010101010101010101010101010101010101010101010
1010101010101010101010101010001010101010101010101010101010101010101010101010101010101010101010101010
1010101010101010101010101010101010101010101010101010101010101010101010101010101010101010101010101010
1010101010101010101010101010101010101010101010101010101010101010101010101010101010101010101010101010
1010101010101010101010101010101010101010101010101010101010101010101010101010101010101010101010101010
1010101010101010101010101010101010101010101010101010101010101010101010101010101010110101010111101010
10101010101011010101011111111011011111111111111111111111?1111101101101111101010101001010100111010101
0101010101010101010101010101010101010101101010010101010101011010101010101010101010101010101010101010
101101010101011011101010110101010101010101010101010101010110101?011011101010101010101010101010101010
1010101010101010101010101010101010101011011010101010101010101010101101010101010101000101011110101010
10101010110101010101??010101010101010101010101010101010101010101010101010101010101010101010101010101
0101010101010101010101010101010101010101010101010101010101010101010101010101010101010101010101010101
0101010101010101010101001010101010101010101010101010101010101010101010101010101010101010101010101010
1010101010100101010101010101010101010101010101010101010101010101010101010101010101010101010101010101
0101010101010101010101010101010101010101010101010101010101010101010101010101010?10101010101010101010
1010101010101010101010101010101010101010101010101010101010101010101010101010101010101010101010101010
1001010101010101010101010101010101010101010101010101010101010101010101010101010101010101010101010101
0101010101010101010101010101010101010101010101010101010101010101010101010101010101010101010101010101
0101010101010101010101010101010101010101010101001010101010101010101010101010101010101010101010101010
1010101010101010101010101010101010101010101010101010101010101010101010001010101010101010101010101010
1010101010101010101010101010101010101010101010101010101010101010101010101010101010101010101010101010
1010101010101010101010101010101010101010101010101010101010101010101010101010101010101010101010101010
1010101010101000101010101010101010101010101010101010101010101010101010101010101010101010101010101010
1010101010101010101010101010101010100010101010101010101010101010101010101010101010101010101010101010
1010101010101010101010101010101010101010001010101010101001010101010101010101010101010101010101010101
0101010101010101010101010101010101010101010101010010101010101010101010101010101010101010101010101010
1010101010101010101010101010101010101010101010101010101010101010101010101010101010101010101010101010
1010101010101010010101010101010101010101010101010101010101010101010101010101010101010101010101010101
0101010101010101010101010101010101010101010101010101010101010101010101010101010101010101010101010101
0101010101010101010101010101010101010101010101010101010101010101010101010101010101010101010101010101
0101010101010101010101010101010101010101010101010101010101010101010101010101010101010101010101010101
0101010101010101010101010101010101010101010101010101010101010101010101010101010101010101010101010101
0101010010101010101010101010101010101010101010101010101010101010101010101010101010101010101010101010
1010101010101010101010101010100101010101010101010101010101010101010101010101010101010101010101010101
0101010101010101010101010101010101010101010101010101001010101010101010101010101010101010101010101010
1010101010101010101010101010101010101010101010101010101010101010101010101010101010101010101010101010
1010101010101010101010101010101010101010101010101010101010101010101010101010101010101010101010101001
0101010101010101010101010101010101010101010101010101010101010101010101010101010101010101010010101010
1010101010101010101010101010101010101010101010101010101010101010101010101010101010101010101010101010
1010101010101010101010101010101010101010101010101010101010010101010101010101010101010101010101010101
0101010101010101010101010101010101010101010101010101010101010101010101010101010100010101010101010101
0101010101010101010101010101010101010101010101010101010101010101010101010101010101010101010101010101
0101010101010101010101010101010101010101010101010101010101010101010101010101010101010101010101010101
0101010101010101010101010100101010101010101010101010101010101010101010101010101010101010101010101010
1010101010101010101010101010101010101010101010101010101010101010101010101010101010101010101010101010
1010101010101010101010101010101010101010101010101010101010101010101010100101010101010101010101010101
0101010101010101010101010101010101010101010101010101010101010101010101010101010101010101010101000101
0101010101010101010101010101010101010101010101010101010101010101010101010101010101010101010101010101
0101010101010101010101010101010101010101010101010101010101010101010101010101010101010101010101010101
0101010101010101010101010101010101010101001010101010101010101010101010101010101010101010101010101010
1010101010101010101010101010101010101010101010101010101010101010101010101010101010101010101010101010
1010101010010101010101010101010101010101010101010101010101010101010101010101010101010101010101010100
1010101010101010101010101010101010101010101010101010101010101010101010101010101010101010101010101010
1010101010101010101010010101010101010101010101010101010101010101010101010101010101010101010101010101
0101010101010101010101010101010101010101010100101010101010101010101010101010101010101010101010101010
1010101010101010101010101010101010101010101010101010101010101010101010101010101010101010101010101010
1010101010101010101010101010101010101010101010101010101010101010101010101010101010101010101010101010
1010101010101010101010101010101010101010101010101010101010101010101010101010101010101010101010101010
1010101010101010101010101010101010101010101010101010101010101010101010101010101010101010101010101010
1010101010101010101010101010101010101010101010101010101010101010101010101010101010101010101010101010
1010101010101010101010101010101010101010101010101010101010001010101010101010101010101010101010101010
1010101010101010101010101010101010101010101010101010101010101010101010101010101000101010101010101010
1010101010101010101010101010101010101010101010101010101010101010101010101010101010101010101010101010
1010101010101010101010101010101010101010101010101010101010101010101010101010101010101010101010101010
1010101010101010101010101010101010101000101010101010101010101010101010101010101010101010101010101010
1010101010101010101010101010101010101010101010101010101010101010101010101010101010101010101010101010
1010101010101010101010101010101010101010101010101010101010101010101010101010101010101010101010101010
1010101010101010101010101010101010101010101010101010101010101010101010101010101010101010101010101010
1010101010101010101010101010101010101010101010101010101010101010101010101010101010101010101010101010
1010101010101010101010101010001010101010101010101010101010101010101010101010101010101010101010101010
10101011????????????????????????????????????????????????????????????????????????????????????????????
????????????????????????????????????????????????????????????????????????????????????????????????????
????????????????????????????????????????????????????????????????????????????????????????????????????
????????????????????????????????????????????????????????????????????????????????????????????????????
????????????????????????????????????????????????????????????????????????????????????????????????????
????????????????????????????????????????????????????????????????????????????????????????????????????
????????????????????????????????????????????????????????????????????????????????????????????????????
???????????11001101010110101010101010010101010101010101010101010101010101010101010101010101010101010
101010101010101010101010111110010101010101010101010???1?101010101010101101?0101011010111101001101110
1011010101010101010101010101010101010101010101010101010101010101010101010101010101010101010010101010
1010101010101010101010101010101010101010101010101010101010101010101010101010101010101010101010101010
1010101010101010101010101010101010101010101010101010101010101010101010101010101010101010101010101010
1010101010010101010101010101010101010101010101010101010101010101010101010101010101010101010101010101
0101010101010101010101010101010100101010101010101010101010101010101010101010101010101010101010101010
1010101010101010101010101010101010101010101010101010101000101010101010101010101010101010101010101010
1010101010101010101010101010101010101010101010101010101010101010101010101010101010100101010101010101
0101010101010101010101010101010101010101010101010101010101010101010011010101010101010101010101010101
0101010101010101010101010101010101010101010101010101010101010101010101010101010101010101010101010101
0101010101010101010101010101011010110101010101010110110101111010101010101011010101010101010101010111
0101010110101011011010101010101010111101010101010101010101010101010101010101010101010101010101010101
0101010101010101010101010101010101010101111110101010101010101011100101010101010001001010101111011010
1010111011101010101111010111011011000110110101010011100101110101010101010101010101010101010101010101
0101010101010101010101010101010101010101010101010101010101010101011010101010101010101010101010101010
1010101010101010101010101010101010101010101010101010101010101010101010101010101010101010010101010101
0101010101010101010101010101010101010101010101010101010101010101010101010101010101010101010101010101
0101010101000101010101010101010101010101010101010101010101010101010101010101010101010101010101010101
0101010101010101010101010101010101001010101010101010101010101010101010101010101010101010101010101010
1010101010101010101010101010101010101010101010101010101010010101010101010101010101010101010101010101
0101010101010101010101010101010101010101010001010101010101010101010101010101010101010101010101010101
0101010101010101010101010101010101010101010101010101010101010101010101010101010101010101010101010101
0101010100101010101010101010101010101010101010101010101010101010101010101010101010101010101010101010
1010101010101010101010101010101010101010101010101010101010101010101010101010101010101010101010101010
1010101010101010101010101010101010101010101010101010101001010101010101010101010101010101010101010101
0101010101010101010101010101010101010101010101010101010101010101010101010101010101010101010101010101
0101010101010101010101010101010101010101010101010101010101010101010101010101010101010101010101010101
0101010101010101010101010101010101010101010101010101010101010101010101010101010101010101010101010101
0101010101010101010101010010101010101010101010101010101010101010101010101010101010101010101010101010
1010101010101010101010101010101010101010101010101010101010101010101010101010101010101010101010101010
1010101010101010101010101010101010101010101010101010101010101010101010101010101010101010101010101010
1010101010101010101010101010101010101010101010101010101010101010101010101010101010101010101010010101
0101010101010101010101010101010101010101010101010101010101010101010101010101010101010010101010101010
1010101010101010101010101010101010101010101010101010101010101010101010101010101010101010101010101010
1010101010101010101010101010101010101010101010101010101010101010101010101010101010101010101010101010
1010101010101010101010101010101010101010101010101010101010101010101010101010010101010101010101010101
0101010101010101010101010101010101010101010101010101010101010101010101010101010101010101010101010101
1010101010101010101010101010101010101010101010101010101010101010101010101010101010101010101010101010
1010101010101010101010101010101010101010101010101010101010101010101010101010101010101010101010101010
1010101010101010101010101010101010101010101010101010101010101010101010101010101010101010101010101010
1010101010101010101010101010101010101010101010101010101010101010101010101010101010101010101010101010
