Samples:
o101110110100000111111111111100001111111101111111111010000011111111011111111110101000111111111111000
0011111111111111111111111111110100000111000001011111101111000001111100011110000011111111111100000101
1000001111000001110000010111000011010000011111111111111110110111111111000001111111101111111101110000
0101111111111111110111111111101111101111111111110000011111111111110000101111111111111110111111111111
0111011110000011100000111111111111110000111000001111000001111000001111111111111111111011111011111111
1111111111111100001111111111110000011111111011111111111110000111111111101111101111100001111111111111
0000100000000000011111110111000001101111101111111111111111111110000011110000101101111111111110111111
1111010000011110000111111110110111110111111111111011101111000001110000011111111111111111111100000111
1111111111000001110000011111111111110000011111110111100000111111111111000001111111111111111111110000
0111101110111111110111111111101111101111000001110000011110000011111000011111111110100000111111110111
1111111110000011111111111100000101100000111111110111000001101100001111000001110000011110111011111111
0111111111111001101111111111111011110011111111111011111111111110001111111111111100011111111111111001
1111111111111110111111110111100000111111111111000001111100001111111011111111011011111011111111111111
1101101000001110000011010111011111101011110000101111111111110000111111101111000001111100001111111011
1100000111110000111110000011100000111101111111111010111111101111011111111111101110000011111111011110
0000111111111111000001111111111110000011110000011111000011111000111100000111111110111111111111111101
1111111011100000111111110111111110111111111101111101111000011111111111111111011100000111111110111111
1101110000011111111111111000011100000111110000111111111111100001111100001101111111111000011111111011
1111110111100001011110111100000111111111011111111111101111011111110000011111111011100110111100000111
1000001111111011110000011111111011111111101101011111111111111111111111100111111110111110000111111110
1010000011010000011111111111101111111110000111000001111111111111000001110010011111111111111101011110
0001111001110111111111101111101110111100000111100000111111111111101101101000001111111111110000011110
0000111111111111111101101111101110000011110000011011111111111111111111100111100001111111101111111111
1111111111110000110100000111100110111111101111000001011111111111000011011111111100000111110000111110
0001111111111111011011011111011111111110100000111000000111100001111011111111111101110000011111111011
1110000111111111111000001111000001111000011010111111111111111111110110111110111111111101111101111000
0011111110111100000111111110111111111011111101111111111110000011111111011111111111100000111110010000
0000011110111111111111000001111000001111111101011000011111111011111111111100000111100000111100001111
1000111011111111110000111100000110111110111111110111111111101011101111111110111111011011000011111111
1111011101111000001111111011111111011111111011111000111111111111111110111111111101001101111111111110
1110111100000111111111111011111111000001111000010110111011111111011111110110100001111111111111111101
1010000011110000011111111110111111111000000111111111111000001111111111110000011111111011111111101111
1111111110011110111011111111011111111111101110111110000111111111111100001111000001111000011111100011
1111110111100001111000001111111101111111111111000011111111111100000111110000101111111111000001111111
1011111111011110000110101111111000000111000001111100001111100001111100011111000011111000011111110111
1000001111111101110100100000111111101111000001111111101111000011111111111110000011110000101100000111
1100001111111011110111111111111011100000111111110111100000111111101011000001111111101110000011111000
0111111110111111111111000001111000001111111111110000011111000011100000101110000111111110111100001111
1000011111111011111111111111110111110001111111111111110001111001111111000011110111111011111011110000
1111111101111111101110000011110000011111111011100000111111110111111111111111101101100001111111111110
000011