Samples:
o100000000000000000000000000000000000000000000000000000000000000000000000000000000000000000000000000
0000000000000000000000000000000000000000000000000000000000000000000000000000000000000000000000000000
0000000000000000000000000000000000000000000000000000000000000000000000000000000000000000000000000000
0000000000000000000000000000000000000000000000000000000000000000000000000000000000000000000000000000
0000000000000000000000000000000000000000000000000000000000000000000000000000000000000000000000000000
0000000000000000000000000000000000000000000000000000000000000000000000000000000000000000000000000000
0000000000000000000000000000000000000000000000000000000000000000000000000000000000000000000000000000
0000000000000000000000000000000000000000000000000000000000000000000100000000000000000000000000000000
0000000000000000000000000000000000000000000000000000000000000000000000000000000000000000000000000000
0000000000000000000000000000000000000000000000000000000000000000000000000000000000000000000000000000
0000000000000000000000000000000000000000000000000000000000000000000000000000000000000000000000000000
0000000000000000000000000000000000000000000000000000000000000000000000000000000000000000000000000000
0000000000000000000000000000000000000000000000000000000000000000000000000000000000000000000000000000
0000000000000000000000000000000000000000000000000000000000000000000000000000000000000000000000000000
0000000000000000000000001100000000000000000000000000000000000000000000000000000000000000000000000000
0000000000000000000000000000000000000000000000000000000000000000000000000000000000000000000000000000
0000000000000000000000000000000000000000000000000000000000000000000000000000000000000000000000000000
0000000000000000000000000000000000000000000000000000000000000000000000000000000000000000000000000000
0000000000000000000000000000000000000000000000000000000000000000000000000000000000000000000000000000
0000000000000000000000000000000000000000000000000000000000000000000000000000000000000000000000000000
0000000000000000000000000000000000000000000000000000000000000000000000000000000000000000000000000000
0000000000000000000000000000000000000000000000000000000000000000000000000000000000000000000000000000
0000000000000000000000000000000000000000000000000000000000000000000000000000000000000000000000000000
0000000000000000000000000000000000000000000000000000000000000000000000000000000000000000000001100000
0000000000000000000000000000000000000000000000000000000000010000000000000000000000000000000100000000
0000000000000000000000000000000000000000000000000000000000001000000000000000000000000000000001000000
0000000000000000000000000000000001100000000000000000000000000000000001000000000000000000010000000000
0000000000000000000010000000000000000000000000000000000000000000000000000001000000000000000000000000
0000000000000000000000001000000000000000000000000000000000001000000000000000000000000000000000000110
1000000000000000000000000000000000000001100000000011000000000000000000000000000000000000000000000000
0010000011100000000000000000000000000000000000000000000000000000010000000000000000000000000000000000
0000011000000000000000000000000000000000000000010000000000000000000000000000000000000000000000000000
0110000000000000000000001100011000010000000000000000111100000000000000000000000000000000100100001011
0000000000000000000000000000000000000000000001000000000000000000000000000000000000000000000011100001
1100000000000000000000000000000000000000000000000000001111000001100000011111110111111110111111111111
1110011111110101101100110000001111111011111110011000000000000000000111111101111111001111111111100000
0111111101111111001111111111110000111101100111111101110000001111111111111110111000000111000001111111
0011111110111111101111000001111111111111110011110000111100000111111101111111001100000011111110011000
0001111111011100000011111111101101100111111101010000011111111011111110111111110111111101110000001111
1110111111110111111100111110101111011001100000011111110011111110111111101110000001111111111111000111
1111001110000011111111011111110111100000111111111111111101111111010110000000001111111000000111000001
1111110011000000111000000111111101111111111100000011111010111100000111111101110000001110000011111111
1110000001111111011111110011111111111111100110000001110000011110000011111110101111100110000001111111
0111100000111000001111000001111111111110000111000000110000001111111001110000010100000011000000111111
1111111110011100000111111111001111000011110000011111110111101100111111001100000011100000011100000111
0000001111111011100000111000000111000001110000001100000011111111011000000111111101111111001100000011
1111110111111001111111011110000011100000111000000111000001111111001100000011110000111000000111111111
1111110111111100111111101110000001110000011100000011111100111111111110000001110000011110000011111110
1111111111111110011111110111000000111111101111000011111110011100000111110000110000001111111001111111
1111000001111111001111101010111110011100000111111001111111001111000011111100011000000111111100110000
0011100000011111111111111111111111001111111011100000011000000111111101110000001111111011100000011110
0001111111001111111011111110011100000111111101110000001100000011110000111000000111000001111000001100
0000111101100111111101110000001111111011111111111111110111111101111111001111111011111110011000000111
1111011111110011111010111000000111111111110000001111111111111110111000000111000001011111001110000011
1100001110000001110000011110000011000000111111100111111111111111111111110011000000111111100111111111
1111110111000000111000001111000001111111011100000011000000111111101111111001111111111111110011100000
1110000001111111011110000111000000111111101111111001111111011111111011000000111000001111111001111111
0111111100111111111111111011100000011100000111100000110000001111111001111110011111110111000000110111
1000001100000011111110111111100110000001111000001100000011111110011111100111111101111111001111111011
1111101111111101111101011111111011000000111101100110000001111000011111110011100000111000000111111101
1110110011000000101111100111111101110000011100000011111110111111100111111101111111111111110011111110
1111001011111100000011111110111111110111111101111111001111111010110110011000000111111110111111101110
0000011000000111111101111111001100000011110000011000000111111100111111001111111011111110011100000111
0000001111111011111111111111100111000001111000001111111011111110011100000111110000110000001111100011
1000000111111101110000001110000011110000111100000111111101111111101110000001111111011111110111000000
1111111111111111111111100110000001110000001100000011100000011111110111111101110000001111111010111110
0111000001111111011111110011111110111000000111000001010000001111111011111110111111110111111101111011
0011111110111100000111111001111111011111110011111110111000000111111111111111111100000011111111111100
0001111000011110110011111110101000001111111001111111011100000011111110111111100110000001111111011111
1100110000001110000001110000011110000011000000111000001110000001111111010111110011111110111101101111
1101011100000011111110111111111111001100000011111110111000000111000001111000001111111011100000111111
1111110000111111111111111101111000001111111001111111010111110011111110111000001111111001111111011110
0001110000001110000011110000011111110111111110111000001110000001111111011100000011110111111101110000
0011000000111111101110000001111111111111111111000000111100000110000001111110111100000011111110111000
0001111111011111110111000011111100001111100001111111011111110111111100111111111110000001100000011111
1100111111001110000011110000011000000111000000110000001111111111111110011111111111111100110000001111
1111111111111111111101111111011111110011111010111000011110000001111111011100000011100000111111111111
0000011110000111111110111000001110000001111111011100000011111111111111110111111001010011000001011111
1000001111111100110001111111101111111011111110111111110111111101111111111111111111110000011111110111
1000001111111011111111111111110111110101111111111110000011111110111111110111111101111111001111111111
1111100111111101011111011111111011111110011111110111111111111111111111111011111110011000000001111111
0111111110111111101111111111100011011100111111000000111111111111111001111111011111110111111110111000
0011111110011100000111101100111111111111011001111110011110000111101100111000001111100011100000011111
1110111111101111101011100011011000011111111100111100001111111101111110011110000111111100110000001111
1110011111111111000001111111101100000111111101110000011111110011100000111111100111111101110000001111
1110111111101110000001111111011100000111111100111111111110000001111110011100000111111110111111101111
1111011100000111111100111111101111000001111110011110000111111100110000001111000001100000011111111011
1111101111101011100000011111110111000001111111001111000011111110011111111101111101110000001111111011
1000000111000001110000001100000011110000011000000111100001111011001110000011111111111100000111111101
1110000011111110111000000111000001111011001100000011100000011000000111000001111111101111111011100000
0111111101110000011110000011100000101111110110000001111111011100000011111111111111100111100001111111
0011111110111100001110000001110000011100000011000000111111110111000001110000011100000011000000111100
0001100000011100000111100000111111111110000001111111111100000011111110111111111110000001110000011110
0000110000001111111011111111111111111111100000110000001110000011111000011110000111111100111000001111
1110011000000111111101110000001111111011111110011111100111000001111000001111000011100000011000000111
0000001111000011111110111100000111111101110000001111111111110111011000000111111101111111001111111010
1111100111000001111111011100000011100000111111100110000001111111001111110011110000111110000111111101
1111110011111110111111101110000001111111111100000011110000111111100111111011111111110000011100000011
1111101111111101111111011100000011111100110000001110000001110000011100000011111010111111101110000001
1111111111111100111111101010000001100000011111111111000000111000001111111001111111010100000011000000
1110000011100000011111010111000000111111111111111001110000011110000111111100111111110001111111001111
0000111000000111111101110000011100000011111110111000001111000001110000011111110011111110111111100111
0000011100000111000000110000001110000001100000011100000111110000111111101110000001111111011111111011
1110101010000001111110011100000111000000111000001111000001100000011100000111000000111000001111000001
1000000111111111111000001111111011111110011100000111000000111111101111111001110000011110000111101100
1111111011110000011111110111000001111000001100000011111110111111110111111101111111001100000011111110
0111111101110000011110000011111110111000000110000001110000001111101011100000011000000111111111110000
0011111111111000000111111101111111011100000011111110111000000111111101111111001100000011111110111111
1101110000011110000011111110111100001111111001111111011100000011111010101111101110000001111111011111
1100110000001111000001110000111000000111100101000000110000001111011001100000011100000111111100111110
1011110000011111110111111100110000001111111111100000011111111111111110111111101110000001111111111111
1101110000001111111011111110011000000111000001110000001111111011100000011111100111000001111100001111
1110011000000111000001111000001100000011111110011111110111000001111111001111101011100000011111111111
1111111100000011111111111000000111000001111000001100000011111110111000000111111101111111001111111011
1000000111111001110000011111110011111110101000000111111101011111001100000011110110111000000111111101
1111110011100000111111100111111101111111011100000011111110111100001111111001110000011111110011111110
1110000001111111011100000011000000111111101110000001111111111100000011111100111111111110000001110000
0111111100110000001110000011100000011111110111000000110000001111111011110000011111110011111100111110
1011111110111111111011111001100000011110000111000000111000001111000001111110011111110011000000111111
1011100000011100000111000000110000001111000001111111111100000111111111111111101111111001111111111100
0000111000001110000011100000011110000111111111111111101110000001111110011110000111111100111111101111
0110011111110111000000001111111101110000011111110011111110111000000110000001111111001100000011100000
1110000001111111011111111011111110111111101110000001111111111100000011000000111100000111111001111000
0111000000111000001111000001100000011111110111111100111100001110000001110000010100000011000000111000
0011111111011100000111100000110000001110000001110000011111110111111100111111000000000000000000000000
0000000000000000000000000000000000000000000000000000000000000000000000000000000000000000000000000000
0000000000000000000000000000000000000000000000000000000000000000000000000000000000000000000000000000
0000000000000000000000000000000000000000000000000000000000000000000000000000000000000000000000000000
0000000000000000000000000000000000000000000000000000000000000000010000000000000000000000000000000000
0000000000000000000000000000000000000000000000000000000000000000000000000000000000000000000111000000
0000000000000000000000000000000000000000000001111100000000000000000000000000000000000000000100001111
0000000000000000000010000000000000000000000000000001100010000000000010000000000000000100000000000000
0010010100000100000000000000000000000000000000000000000000000000000000000000000000000000000000000000
0000000000000000000000000000000000000000000000000000000000000000000000000000000000000000000010000000
0000000000000001110000000000000000000000000000000000000000000100000010000000000000000000000000000000
0000000000000000000011001000100010010000001000000000000001000010000100001101111000000100100000010001
0011010000010000000000000100010000000000000000001000100000000000000000001000100001011001000000001100
0110001111001000000000100000111001000001000000000101000000111110000000001000110000100000000000000000
0001000000011011000001111000011100000000100000000000000000000000000000000000000000000000000000000000
0000000000000000010000000000000000100000000000000000000000000000000000000000000000000000000000000000
0000000000000000000000000000000000000000000000000000000000000000000000000000000000000000000000000000
0000000000000000000000000000000000000000000000000000000000000000000000000000000000000000000000000000
0000000000000000000000000000000000000000000000000000000000000000000000000000000000000000000000000000
0000000000000000000000000000000000000000000000000000000000000000000000000000000000000000000000000000
0000000000000000000000000000000000000000000000000000000000000000000000001000000000000000000000000000
0000000000000000000000000000000000000000000000000000000000000000000000000000000000000000000000000000
0000000000000000000000000000000000000000000000000000000000000000000000000000000000000000000000000000
0000000000000000000000000000000000000000000000000000000000000000000000000000000000000000000000000000
0000000000000000000000000000000000000000000000000000000000000000000000000000000000000000000000000000
0000000000000000000000000000000000000000000000000000000000000000000000000000000000000000000000000000
0000000000000000000000000000000000000000000000000000000000000000000000000000000000000000000000000000
0000000000000000000000000000000000000000000000000000000000000000000000000000000000000000000000000000
0000000000000000000000000000000000000000000000000000000000000000000000000000000000000000000000000000
0000000000000000000000000000000000000000000000000000000000000000000000000000000000000000000000000000
0000000000000000000000000000000000000000000000000000000000000000000000000000000000000000000000000000
0000000000000000000000000000000000000000000000000000000000000000000000000000000000000000000000000000
0000000000000000000000000000000000000000000000000000000000000000000000000000000000000000000000000000
0000000000000000000000000000000000000000000000000000000000000000000000000000000000000000000000000000
0000000000000000000000000000000000000000000000000000000000000000000000000000000000000000000000000000
0000000000000000000000000000000000000000000000000000000000000000000000000000000000000000000000000000
0000000000000000000000000000000000000000000000000000000000000000000000000000000000000000000000000000
0000000000000000000000000000000000000000000000000000000000000000000000000000000000000000000000000000
0000000000000000000000000000000000000000000000000000000000000000000000000000000000000000000000000000
0000000000000000000000000000000000000000000000000000000000000000000000000000000000000000000000000000
0000000000000000000000000000000000000000000000111111111110000001111111011111111011100000011111111111
1111001111111011111111010000001111101011100000011111110111111110111111101111000001111000011111111011
1111100111111101110000001110000011111111011111111111111110111111101110000001110000011111110011110110
0110000001111111011100000011100000111111110111000001111111001111000011111110011000000111111111111111
1111100000011111100111111100111111001111111011100000011100000111000000111000000111111101110000001111
1010111111100111100001111111101111000001100000011111111011000000111100000110000001111000001111111011
1101100111111101110000001111111011111110011000000111111100111110101010000001111111011100000011111110
1110000001111111011110000011111110111000000111111101110000001110000011111111011111111111111100111110
1010110110011000000111000000111111111111111011100000011111110111000000111111101111000001111000011111
1111110000001110000001111111011100000011100000111111110111111110111110101111111101111111111100000011
1111101110000001111111011100000011111110111000000111100000110000001110000001100000011111110011111111
1111111101111111001100000011111110111111010111111110111111101110000001111111011111111011100000111111
1101111111110100000011111110111100000110000001111000001111111011110000111100000111111001110000011111
1110111111101110000001111100011100000011100000111111111111111101111111101110000011111111111100000111
0000001110000011111111111100000111111110111111111110000001111111001111111011100000111111110111000001
1111110011000000111000000111111111111111001100000011110000011111110111100000110000001111111001111111
0000110101000000110000001111111001111111011100000111000000111000001111111111111111111100000011111110
0110000001110000001111111111110110011111110111000001110000001111111111111111111110000111100000111111
1011111111011111110111000011101000000110000001111011001100000011111111111100000111111111111100000111
0000011110000111000000111111100111111111111011001100001111010111111100111111111011111001111111111100
0001111111001111111011110000111000000111111101111111001110000010100000011000000111111111111111111111
1110111111110110000001110000001111111011111111011111110111000001111100001111111011111110011000000101
1000001100000011100000111100000111111101110000001100000011100000111000000111111101111000001100000011
1000001110000001110000011100000011000000111100000110000001110000011111111111100000111101110111111101
1111110011000000111111101110000001111111010110110011111110111110101111111101100000011100000111100000
1111111010100000011111111111100001111111101111111011100000011111111111000000111111001110000011111110
0110000001111111001100000011111110111000000111100001111111001111111111110000111111100111111111011111
0011111111111111100111111101111111011111110011000000111111100110000001111000011111101011100000011111
1101111111011110000011111110111111100110000001111111001111110011100000111111111111110101011111001111
1100111111101111100001100000011100000111000000111111101111111001111111011111110011000000111100000110
0000011111111111000000110000001111011001111111011111111111000000111100001111000011111111010001010111
0000001111111011111110011111110101111100110000001110000011100000011100000111111100111111101111111101
1111110111111101110000001111111011110000011111110111000000111000001110000011110110011111110101101100
1111111011111110011111111111000001111011101111111011111110111000000110000001110000001100000011100000
1111111101100000011100000011000000111100001110000011000000111111100111111001111000011111111011000000
1111111011111110011111110111000000111000001100011011001100000011111110111000000111111101011111001100
0000111111101110000001100000011100000011100000111110000111111001111101011111110011000000111111100110
0000011100000011111110111111111111111001100000011100000011111110111000000111000001110000111000001111
1110011111111011000000111110001111111111111111001110001011100000011111110111111111111111111111001001
1111111111011111110011001000111111100111111101111101001111000111100000111101000011100000110000011100
0000111101100111111101111111101111111001111111011110000011111110111111111110000001100000011111111111
1000001110000011110000011111111111000000111111111010000001111111011111010111000000111111000000000001
1011111110111111101111111001100000011111110011111110111000000110000001110000011110000011111111111101
1001100000011100000111111100111100001010000001111111011100000111110000111111101110000001111111011111
1110110000001110000001100000011111110111000000111111101110000001111101011111110011000000111100001111
0000011111111111111111111111001111111011111000001110000001111111001111111001111111011110000001110000
0111111111111000011111111101111000011111111011100000111111110111111100111110101110000001111101010111
1100111111101111111101111111111100000011100000111111111111000001111111101110000011111110011111010101
0000001100000011111111011000000111111100111110101010000001111111111110000011000000111111100111111101
1111110011110000111100000111100001110000001111111011100000011110000111000000111100001110000001110000
0111111110111101100111111101010000001111111010111110011111010111000000111110101111000001100000011110
0000111000001011011111100000011111110011111010111101100111111111111000001100000011111110011000000111
0000001100000010110000011111110101101100111111111110000001111101011100000011110000111000000111111101
1111111011111110011111110111000001111111101111000011100000011111111111111100111100001110000001110000
0111100000111111111110000001100000011110000011111111111111111110000001110000011100000011111111111000
0001111111011111111111110110011111010111101100111111101110000001110000011100000011111110111111100110
0000011111110011110000111111100111100001111111101111101010110110011111110101000000111111101111111001
1111110111111100111111100111110101111111111110000011100000011100000111111111111110001111011101110000
0111111110111000000111111111111111001100000011111110011111110101000000111111101110000001111111011111
1110111000000111110101111000001111111011111100000000110111111110101000000111111101111111001100000011
1111100111000001111111111110000011110000011000000111111100111111111111011001100000011111110011000000
1111111011100000011111110111111110111111101110000001111111011110000011100000111100000111100001111100
0011100000111000000111111111110000001111111011100000011111111000000001011111101110111000001111100001
1111110111100000111000001110000001111000010111111011111110111000000111111101110000001111000011100000
0111111101111100001111111011100000011111110111111110111000001111111111111111011100000011111000111000
0001110000011110000011111110111000000111000001111000001111000011100000011100000111100000111000001111
1111111000000111111011000000111000000111000001111111101111111001100000011100000011000000101101100110
0000011111111011100000111111110111101110110000001111111011111111010111110011111110111111100111111101
0100000011111110111100001111111101111111001111111011100000011111111111111101111111101111111001100000
0111100000110000001111111101111111011110000011111110111111101110000001110000001100000010100000011110
0001110000001100000011111110011111111111111100111111111111000011111111011111110011111010111000000111
0000011111111111111111111111110111110101111000001100000011110000111000000111111101111111101111111001
1111110111000000111111111111111011111111101100111111111111000001111111001100000011111110111000000111
1111011100000011000000111000001111111111110000011100000011000000111000000111111101111111011110110011
1111111111111001110000011111110111111100111111101110000001111111111100000111111100111111111111111001
1111110111111110111110101111000001111111011100000111111110111000001111111001100000010100000111000000
1111111111100000011111100111111101111111001111111011111111111111010111100000111111101111000011111110
0111110101111011001111111011100000011111100110000001110000001100000011111110111111110111111101111111
0011111110111110001110000001111000011110000011111110111111101110000001110000011111110011111110111100
0011111111011110000111000000110000001011111101111111010111110011111101100000011111111011111110111000
0011110000011111111111000000110000001110000011111110011110000111100000111111101111000001111111011100
0001111111101111111011100000011111110111000001111111001111111111100000011111110111111110110000001110
0000111111100111000001111111001111111011110000111111110111111111110000001111100001001111101010100000
0110000001110000011110000011100000111000000110000001011111101100000011100000111111100111111111110000
0011111110111111100110000001111111011100000011111010111111110111110101110000001111111011111111111000
0001111111111111110011100000101100000110000001111101011100000011111110111000000111000001111111011110
0000110000001110000001100000011111101000000111111001110000011111110011000000111111101111111001100000
0111000000111111101111111011100000011111110111000000110000001111111011111110011111110111000000111111
1011111110011000000111111111110000001110000011111110011111111111000000111111111110000011111110011000
0001110000001100000011111110011100000111000001110000001111101010100000011111110101000000111111101111
0000111000000111111111110100111111111111111011111110011000000111111100111111001111111011100000011111
1101111111101111111011100000111111111111111101111011001111111010100000011111110111101101110000001111
0000111111100110000001111111001111111111111110111000000111111101110000011111110011111000111110000111
1111011100000011111100111110101110000001101110011111110011000000111000001111111101111111011111110011
1111111111111001100000011111110111111110111000001111111001111111011100000011000000111111101111111101
1000000111000000111111101111111011111111011111110111000000111000001111111011100000011100000111100000
1100000011110000111111111111100001110000001111111111110000011000000111000001111000001100000011000000
0000000000000000000000000000000000000000000000000000000000000000000000000000000000000000000000000000
0000000000000000000000000000000000000000000000000000000000000000000000000000000000000000000000000000
0001000000000000000000000000000000000000000000000000000000000000000000000000000000000000000000000000
0000000000000000000000000000000000000000000000000000000000000000000000000000000000000000000000000000
0000000000000000000000000000000000000000000000000000000000000000000000000000000000000000000000000000
0000000000000000000000000000000000000000000000000000000000000000000000000000000000000000000000000000
0000000000000000000000000000000000000000000000000000000000000000000000000000000000000000000000000000
0000000000000000000000000000000000000000000000000000000000000000000000000000000000000000000000000000
0000000000000000000000000000000000000000000000000000000000000000000010000000000000000000000000000000
0000000000000000000000000000000000000000000000000000000000000000000000000000000000000000000000000000
0000000000000000000000000000000000000000000000000000000000000000000000000000000000000000000000000000
0000000000000000000000000000000000000000000000000000000000000000000000000000000000000000000000000000
0000000000000000000000000000000000000000000000000000000000000000000000000000000000000000000000000000
0000000000000000000000000000000000000000000000000000000000000000001000000000000000000000000000000000
0000000000000000000000000000000000000000000000000000000000000000000000000000000000000000000000000000
0000000000000000000000000000000000000000000000000000000000000000000000000000000000000000000000000000
0000000000000000000000000000000000000000000000000000000000000000000000000000000000000000000000000000
0000000000000000000000000000000000000000000000000000000000000000000000000000000000000000000000000000
0000000000000000000000000000000000000000000000000000000000000000000000000000000000000000000000000000
0000000000000000000000000000000000000000000000000000000000000000000000000000000000000000000000000000
0000000000000000000000000000000000000000000000000000000000000000000000000000000000000000000000000000
0000000000000000000000000000000000000000000000000000000000000000000000000000000000000000000000000000
0000000000000000000000000000000000000000010000000000000000000000000000000000000000000000000000000000
0000000000000000000000000000000000000000000000000000000000000000000000000000000000000000000000000000
0000000000000000000000000000000000000000000000000000000000000000000000000000000000000000000000000000
0000000000000000000000000000000000000000000000000000000000000000000000000000000000000000000000000000
0000000000000000000000000000000000000000000000000000000000000000000000000000000000000000000000000000
0000000000000000000000000000000000000000000000000000000000000000000000000000000000000000000000000000
0000000000000000000000000000000000000000000000000000000000000000000000000000000000000000000000000000
0000000100000000000000000000000000000000000000000000000000000000000000000000000000000000000000000000
0000000000000000000000000000000000000000000000000000000000000000000000000000000000000000000000000000
0000000000000000000000000000000000000000000000000000000000000000000000000000000000000000000000000000
0000000000000000000000000000000000000000000000000000000000000000000000000000000000000000000000000000
0000000000000000000000000000000000000000000000000000000000000000000000000000000000000000000000000000
0000000000000000000000000000000000000000000000000000000000000000000000000000000000000000000000000000
0000000000000000000000000000000000000000000000000000000000000000000000000000000000000000000000000000
0000000000000000000000000000000000000000000000000000000000000000000000000000000000000000000000000000
0000000000000000000000000000000000000000000000000000000000000000000000000000000000000000000000000000
0000000000000000000000000000000000000000000000000000000000000000000000000000000000000000000000000000
0000000000000000000000000000000000000000000000000000000000000000000000000000000000000000000000000000
0000000000000000000000000000000000000000000000000000000000000000000000000000000000000000000000000000
0000000000000000000000000000000000000000000000000000000000000000000000000000000000000000000000000000
0000000000000000000000000000000000000000000000000000000000000000001000000000000000000000000000000000
0000000000000000000000000000000000000000000000000000000000000000000000000000000000000000000000000000
0001000000000000000000000000000000000000000000100000000000000000000001010000000000000000000000000000
0000000000000000000000011110000000100000000000000000000000000000000000000011100000000000000000000011
0000000000001000000000000000010000000010000000110000100000000000000000000000000001000000000100000000
0000000000000000000000000000000000000000000000000000000000000000000000000000000000000000000000010000
0000000000001000000000000000000000000000000000000000000000000000000011000000000000000000000100000000
0000000000000000000000000000000000110000000000000000000000000000000100000000000100000000000000000000
0000001100000100000000000010000000000000000000000000000000000000010110100011100000000000000000000000
0000000000000000000000000000000000000000000000000000000000000000000011100001100000000000000000000000
0000000000000000000000011000000101000000111111101110000001111111011110000011111110111111110110000001
1111110011111111111100000111111101110000011111111111111110111111111111000001110000001111111011100000
0111100001110000001111111011100000011110000011000000111100000110000001110000001111101011111111011111
0101111000001111111010110110011000000111111100111111101111011001111111011111110011110000111111100110
0000011111111011111010111111100111111101110000001111000011111111011110000111110000111000001110000001
1111110011111110111111110111111110111111011101000000111111101110000001111111011111111011000000111111
1101111111001100000011111110011000000111111110110000001111011001111101010111110011000000111000000111
1111011111111111111110111000000111100001111111001111101011111111010111110011000000111100001111111001
1111111011000000111111100111100001110000000000000000111111100110000001111111001100000011111110111110
0001111111111110110011000000111111100111111101011011001111111011100000011100000111000000110000001111
1111011000000111111101111111101110000001111111111110000111100000111111101110000001100000011100000011
1000000111111101111101011111111111100000111111100111111101110000001111111010111110011000000111111111
0000001111111011111110011000000111100000111111001111101011100000011111110111000000110000001111111101
1110000111110001110000001111111011110000011111000111111101111111001111111011111110011000000111000000
1100000011111110111000000111111111111111001111111011100000111111100111000001110000001111111011100000
1111000001111111111110110011111111111000000111111101110000011111110011111110111111100111111111110000
0111000000110000001110000011110000011100000111000000111000001111111001111111111111110011111100111000
0011111110011111111111000000111111111110000011111111111111011100000010111111011100111000000111111110
1111111011100000011100000111111100110000001111111001111111011110000011111110111001111010001111111011
1000000110000001111111101110000011110000011110000111100000111111101111111111111111011100000011111110
0111111101111111101111111101111111001100000011100000011001110000001111111011100000011111110111111100
1111111011111111011111110111111110101011100110011111110111000000111111100111111100111111101111111111
1110000111100000111111110111111101111100001011000011111101011111110011111110111111110101000000111100
0011100000011111010111111110111000110111111111111001111110000011111010111111100111000001111111101110
0000111100000111111100111010001110000011100000011010000011111111111000000111111101111111101111111001
1111111111111111111100000111101100111111101110000001111111011111000011100000111111110111101100110000
0010100000011000000111101100111110101110000001110000111100000011111110111000000111110101111111101111
0110011100000111110001110000001111111011100000011100000111000000111111101111111101110000011111111011
1101100110000001111111101111111001111101100000001011100000011111110111000000111111101110000001111111
0011000110111111110111111111111111011111111111100000111100000111111101110000001111101011100100011110
0001110000001111111011111111111111000111111110111100001111000001110000011100000011111110011000001111
1111101100000111111111011111110111111100110000001111000001111111111111110011110000111000000111111110
0000011111110011111110101000011111110111000000111000001110000001110000011100000111100000111110001111
1110011111110111000000111111001100000011111110011111111111000001111111001111111011100000011111110111
1111001110000011100000111100000111111111110000001111000011100000011000000111100000111111001111101011
1111100111111101111000011100000011111110111000000110000001111111011100000011100000111000000111100001
1111110011111111111111101111111001111111011100000011111110111111100111111101111111011111110011111110
1110000001111111011111110111100000111111101111111001111000011111110011111100111100001111000001100000
0111000000110000001111111011100000011111111111101100111111111110000001100000011100000111111100111111
1011111110011000000111111100111111111110000011111111011111110111000000111111101110000011111110011100
0001110000001110000011100000011111100111000001111111001111101011100000011111110111111100111000001110
0000111000000111111101111111001100000011111111111111100111111101111000001111111011110000111000000111
0000011110110011111110101000000111111101111111011100000011111110111111100111111101111111001100000011
1111101110000001110000011100000011000000111111100111111111110000011111110011000000111000000111000001
1100000111111111111000001111111001110000011100000011111100111100001110000001111110011110000011000000
1111111001111111110000011000000111100000111111101110000001111111011111111111100000111111101110000001
1111110111111101110000001111101011100000011111111111000001111111101110000011110000011111111111101100
1100000011100000011111110111000001111111001100000011111110011111110111111100111111001111000011110000
0111111111111111001111110011110000111000000111111101110000001111111011111110111111100111111101111111
0011000000111111111111111101111111011100000011111111111111100110000001111111001111110011111111111111
1101100000011111110011111100111000001111111001111111011100000011111110111111100111111101111111011111
1111111111101111111001111111111111111011111110111111100110000001110000011111111011001101110000001111
1100111111101110000001111111011110110011111110111111100111111101111111011100000011111111111000000111
1111011110110011111110111000001111111001100000011111110011111110111000001111111101111111011111110011
0000001110000001100000011110000111000000111000001011011001100000011111110011111111111000001110000001
1000000111111100111111101010000001100000011111111111000000111111101011011001100000011110000111000000
1111101011100000011100000101100000110000001111011011100000011111110111000000110000001111111111100000
0111000001111000001111111110100000011111110111110101111111001111111011100000011111110111000001111111
0011111110111111110111000001111111001100000011111110011111110111000001111100001111000011110000011100
0001111111001111111111100000111111110111000001110000001111101011111110011111110101000000110000001111
1111011100000111111101111000001111111011110000011111110111111100111111101111000011111110011111110111
1111001111111011111111111100000111000001111111001100000011111110011000000111111101111111001100000011
1000000111111101110000011111111011111110111000000111111001110000011100000011111110111101100111111111
1100000111000000110000001110000001111111011100000111110000111100001110000001110000011110000011111110
1111111001111111111110000111111100111111011111110111000000111111111110000011100000011000000111000000
1111111010100000011111111111111101111111101111111011110000011000000111111100110000001111000001100000
0111000001111111001111111111111110011000000111111101110000001110000011110000011111110111111100111111
1111111110111100000111111111110000001100000011111111110011111111111000001110000001110000011100000011
1111101110000001100000011100000111101100111111111110000001100000011100000111111100111000001111111101
1111111101111100111111111111111011111110011110000111000000111000001011111001111111011100000111111100
1110000011111111011000000111111100111111101111111001111111011100000111111100111111111111111001111111
1111111110011111110111000000111111101111111001111111011111110111111100111111101010000001111111011100
0001111111001100000011100000011000000111000000111111101111111011110000011100000111111110111111101011
1110011111100111111101110000001111111111100000011000000111000001111111001110000011100000011000000111
0000001111111011100000111100000111111111111111001100000011110000111100000111100001110000001111111111
1111101110000001111111111111110011111110111111100111111101111111011100000011111010111111100110000001
1100000011111100111110101110000001111111111110110011111110111111101110000001100000011100000011111100
1111111011100000011111110111111110111111101111111011110000011111110111111100110000001111111011111110
0110000001110000001110000011111110011110000111111111111111101111101011111111011000000111000000111111
0011000000111111100111110101010000001111111011100000011000000111110101111111101111101011110110011111
1001111000011100000011100000111101100111111101111000001100000011100000111111110111100001111111101100
0000111111101111011001100000011111110011111110111111110111111101111111011111110011000000101101100110
0000011111110011111110111111101110000001111111011110110011111111111111101110000001111000011100000011
1111111111111011100000011111110111111100110000001110000001110000011110000111000000110000001110000001
1111110111111111111111001111111011100000011111110111111111111011100000111000000111111101111111001111
1110111111101110000001110000011110000011100000111111111111111001111111011110110011000000111111100111
1111111111110111100000111111101111000001111111011110000111111111111000001111111001100000011110000011
1000001111111011100000011100000111100000110000001111101011111110011100011111011111110011111110111000
0011111110011111111111111100110000001111111111100000011111111111111100111111001111111011111110011111
1101110000001111111111110000011111110111000000111111001111000011100000011110000111111100110000001111
1110111111111111111101111111001111101010110110011000000111111101111000001111111011111111011111110111
1111111110000011111111110000001111000001111111011100000111000000111111101110000001111111011100000011
0000001110000011110111000000111111100111111001111111011111111011000000111111101111111101111111011111
1100110000111000000110000001110000001100000011111110011000000111111111111111001111111011100000011100
0001111011001111110011111110111000000111000001111111001100000011111110111111100111111111111000001100
0000111111111110000001111111011100000011100000111100000110000001111111011111111011100000111111100110
0000011111110011111100000111000001111111111111111111110110011111010101100000110000001100000011111110
0111111101010000001111111011111111111111100110000001111111001111111111110000111111110111111111110000
0011111100111000001111111001111000011111110011111110101100000111000001111111011111110011100000111111
1101110000010110000011111100111111101111111101110000011111110011111010111010000000000000000000000000
0000000000000000000000000000000000000000000000000000000000000000000000000000000000000000000000000000
0000000000000000000000000000000000000000000000000000000000000000000000000000000000000000000000000000
0000000000000000000000000000000000000000000000000000000000000000000000000000000000000000000000000000
0000000000000000000000000000000000000000000000000000000000000000000000000000000000000000000000000000
0000000000000000000000000000000000000000000000000000000000000000000000000000000000000000000000000000
0000000000000000000000000000000000000000000000000000000000000000000000000000000000000000000000000000
0000000000000000000000000000000000000000000000000000000000000000000000000000000000000000000000000000
0000000000000000000000000000000000000000000000000000000000000000000000000000000000000000000000000000
0000000000000000000000000000000000000000000000000000000000000000000000000000000000000000000000000000
0000000000000000000000000000000100000000000000000000000000000000000000000000000000000000000000000000
0000000000000000000000000000000000000000000000000000000000000000000000000000000000000000000000000000
0000000000000000000000000000000000000000000000000000000000000000000000000000000000000000000000000000
0000000000000000000000000000000000000000000000000000000000000000000000000000000000000000000000000000
0000000000000000000000000000000000000000000000000000000000000000000000000000000000000000000000000000
0000000000000000000000000000000000000000000000000000000000000000000000000000001000000000000000000000
0000000000000000000000000000000000000000000000000000000000000000000000000000000000000000000000010000
0000000000000000000000000000000000000000000000000000000000000000000000000000000000000000000000000000
0000000000000000000000000000000000000000000000000000000000000000000000000000000000000000000000000000
0000000000000000000000000000000000000000000000000000000000000000000000000000000000000000000000000000
0000000000000000000000000000000000000000000000000000000000000000000000000000000000000000000000000000
0000000000000000000000000000000000000000000000000000000000000000000000000000000000000000000000000000
0000000000000000000000000000000000000000000000000000000000000000000000000000000000000000000000000000
0000000000000000000000000000000000000000000000000000000000000000000000000000000000000000000000000000
0000000000000000000000000000000000000000000000000000000000000000000000000000000000000000000000000000
0000000000000000000000000000000000000000000000000000000000000000000000000000000000000000000000000000
0000000000000000000000001000000000000000000000000000000000000000000000000000000000000000000000000000
0001000000000000000000000000010000000000000000000000000100000000011100000000000000000000000000000000
0000000000000000000001111100000000000000000000000000000000000000000000001100000000000000000000010000
0000000100000000000000000011000000000000000100000000000000000000000000000000000000000011110000000000
0000000000001000000000000000000000000000000000000000000000000000000000100000000000000000000000000000
0000000000000000000000000000000000000000000000000000000000010000000000000000000000100000000000000000
0000000000000000000000000010000001000000000000000000000000000000000000000000000000000000000000100010
0001000100001011000001001100110100000000000010111100000000000001100000000010100010010000000000001001
0000000000000000000000000000000000000010001000000000011000000000000000011100111100010000000110011000
1100101000000000000000000101010000000000100001110000010000100000011000000000010011111010001111001100
0000001000000100000000000000000000000000000000000000000000000000000000000000000000000000000000000000
0000000100000110000001111111001111101011100000011111110111000000111111101110000001110000011110000011
1111101111110101011111001111111011111111011111110011100000101111100110000001111111111111011001111101
0111111110110000001111111101111111011100000111111110111111101110000001100000011111111011100000111111
1101111111111100000011100000111100000111100001111111111110000001100000011111110011111111111111100111
1111011111111111111110011100000111111111111111111110000011111110011111110101111100110000001111111001
1111110101101100110000001111111001111111011100000011111110111111100110000001110000001111111110110110
0111110101110000001111111011111111011110000111000000111111101111111101110000011111111111100000111111
1101110000011111110011111010111111100111100001111111001111111011111111011111110111000000111111111110
0000011110000111000000111000001111111101110000001100000011111110011111110111100000111111100111000001
1100000111111100111100001111111111111111001100000011111110011000000111000000110000001110000001110000
0111100000110000001111111001111000011111111011111010111100000111111101010000001111111011110000011111
1111110000001110000010110000011000000111111110111111101111011001100000011111110011000000111111100111
0000011111110011000000111000000111110101011111101100000011100000011111110111000000111100001110000001
1110000111111110110000001110000001111111011111111111111110111000000111111111100011100000011100000011
1111111111111001100000011111110111111111111000001110000001111111111100000011111110111111110111111101
1100000011111110111000000111101100111111111110000001111000011100000011111110111111110111111101110000
0011111110111000000111111111111111101110000011110000011111110111111110111000001111111101111100011111
0111111110111111101111111101110000001100000011111111111000000111111111111111101111111011111111111111
1100111000001010000001100000011111111011111110111000000111111101111111011111111011100000111000000111
0000011100000011111110011000000111000000110000001011111001111111111111111111100000111111101111111101
1111110111111100111111111111000001100000011111100000011101000011111111111111110101010001111111111111
1111010101000011000000111101100111111111111101110111111110101101110101111110111111111111110011111111
1110110111010111111011111111111111110011111111010100100011111110111111110110011111110000011111110011
1101110011110001010100010111011100111101111111110100111111101111111011110010011110000011111110011111
0101011111001100000111100001101101100111111110110000001110000011100111100000111000001111111100111000
0001100001110001001100000011111111110111010111111011110000001111100011100001011101000111100000110010
0011110000111000111111111010111110000111110101011011101111111011100100011111010101000000111111101111
1111111111111111111111111111111111000000111001111111000011111111011000000111111100110000001111011001
1111110101011000111111010111110000111111111111000001111111011111001011111111111111100011111110111100
0011110010111111110111111010011100000111111110101101100111110110111111110111111111111111111111111101
1111111011111000011111111111100010111110000111101111011001110111111100111111111110000111111111111011
1111111111000011111011001111111111111110011111111001111110101111111100111111101111111100110000001110
00001110000001110001111100000000000000000111100111111101111111011111110011000000