Samples:
o100000011111100111111100111111001111111011100000011111111111111100111111101100000001100000011100000
1111111001111110011111110011111110111111100110000001100000001111110011111111101110100110000001111000
0011000000111000000111111001100000010111010011000000111100000110000001111111001100000011100000111111
1001100000011100000011000000111000000111111001111111011100000011000000111000000111000001111000001111
1100111111101111111001100000011100000011111110111000000111111001111111011111111011000000111111110111
1110011111110011111110111111100111111001111000011111111011000000111111100110000001111000001100000011
1000001111111001111110011100000011000000111111100111111001111111101111110011111101110000011111110011
0000001110000001100000011111111011100000111000000110000001110000001111110011110000011000000111111101
1101111011000000111000000110000001110000001100000011111110111111100110000001111111001111110011111111
0111111101111111001111111011000000111011100111111001111000001100000011111110111111110110000000001111
1110111111101111111101111111110111000011100000111100000111111101111111001110000011111111111111100111
1111111111110011000000111111100111111101111000001111110011111111111100000110000001111000001111110011
1000000111111101111111011111110011111100101000000110000001111111001100000011111111011111100110000001
1111111011100000111000000111111001011111111111110011111110111011100110000001110000001100000011111111
0111111001111100001100000011110000011011100111000000111111101100000011111110011111110111100000111111
0011111100101111100111111001111111011111110011000000111111110111000001111111111111110011111110111100
0001111111011111110011111100101111100110000001100000001100000011111110111111110111000001111111100101
1111101111111011110000111011100111111111111111001111110011111110011000000111000000110000001111111011
1000000111000001111000001111111011111110000000000000000000000101110111010000000000000000001100000000
1100000000000000000000000000000000000000000000000000000000000000000000000000000000000000010000000000
0000000000000000000100000000000000000000000000000000000000000000000000000100000000000000000000000000
0000000000000000000100000000000000000000000000000000000000000000000000000000000000000000000000000000
0000000000000000000000000000100000000000000000000000000000000000000000000000000000000001000000000000
0000000000000000000000000000000000000000000000000000000000000000001000000000000000000000000000000000
0000000000000000000000000000000000000000000000000000000000000000000000000000000000000000000000000000
0000000000000000000000000000000000000000000000000000000000000000000000000000000000000000000000000000
0000000000000000000000000000000000000000000000000000000000000000000000000000000000000000000000000000
0000000000000000000000000001000000000000000000000000000000000000000000000000000000000000000000000000
0000000000000000000000000000000000000000000000000000000000000000000000000000000000000000000000000000
0000000000000000000000000000000000000000000000000000000000000000000000000000000000000000000000000000
0000000000000000000000000000000000000000000000000000000000000000000000000000000000000000000000000000
0000000000000000000000000000000000000000000000000000000000000000000000000000000000000000000000000000
0000000000000000000000000000000000000000000000000000000000000000000000000000000000000000000000000000
0000000000000000000000000000000000000000000000000000000000000000000000000000000000000000000000000000
0000000000000000000000000000000000000000000000000000000000000000000000000000000000000000000000000000
0000000000000000000000000000000000000000000000000000000000000000000000000000000000000000000000000000
0000000000000000000000000000000000000000000000000000000000000000000000000000000000000000000000000000
0000000000000000000000000000000000000000000110000000000000000000000000000000000000000000000000000000
0000000000000000000000000000000000000000000000000000000000000000000000000000000000000000000000000000
0000000000000000000000000000000000000000000000000000000000000000000000000000000000000000000000000000
0000000000000000000000000000000000000000000000000000000000000000000000000000000000000000000000000000
0000000000000000000000000000000000000000000000000000000000000000000000000000000000000000000000000000
0000000000000000000000000000000000000000000000000000000000000000000000000000000000000000000000000000
0000000000000000000000000000000000000000000000000000000000000000000000000000000000000000000000000000
0000000000000000000000000000000000000000000000000000000000000000000000000000000000000000000000000000
0000000000000000000000000000000000000000000000000000000000000000000000000000000000000000000000000010
0011000000000000000000000000000000000000000000000000000000000000000000000000000000000000000000000000
0000000000000000000000000000000000000111000000000000000000000000110000000000000000000000011100000000
0000000110000000000001110000000000100000000000000000000000000111001100000000000000000000000000000000
0000000000000000000000000000000000000000000000000000000001100000010000000011000000000000000000000000
0000000001000000000000000000000000010000000000011100000001110000000000000000000001100001000000000111
0000000000000000000000000000000000000000000000001100000001100000001000000000000000000001100000011100
0000000000000000000000000011101100000000000000000000000000000000000000000000000000000000000000111011
1000000000000000000000000000000000000000000000000000000000000000000000000000000000000000000000000000
0000000110000000110000000000000000000000000000000000000000000000000000000000000000000000000000000000
0000000000000000111000000000111100000000000000000000000000000000000000000000000000000000000000001000
0000000000000000000000100001000000000000000000000000000000010011100000010100000111110000110000000100
0100000010000001000000000000011100000000000000000110000000000000000110000000000000000000000000000000
0000000000001000100000000000000000000000000000111100000000000000000001100000000000000000001000000000
0000000000000000011000000000000000000000000000000000000000010000000100000000100000000000000001000000
0000000000000010000000000000000000000000000000000000000000000000000000000000000000100000000000000000
0000000000000000000000000000000000000000000000000000000000010000000000110000001000100000000000000000
0000000000000000000000000000000010000000000000000000000111000000000000000000000000000000000000000000
0100000001100000000000000000000000000000000000000000000000000000000000000000000010000000010101000000
0001000001000100110000011000011000000100000000000000000000000000000011000001110000000000000000000000
0000000000010000000000000010000000000001000001000000000001000001000000000000000000000000000100100000
0000000001100000000000000000000000000000000000000000000000000000000000000000000000000000000000000000
0000000000000000000000000000000000000000000000000000000000000000000000000000010000000000000000000001
0000000001100000000000001000000001000000000000000000000100000000000000000000000000000000000000000000
0000000000000000000000000000000000000000000000000000001000000000000000000000000000000000000000000000
0000000000000000000000000000000000000000000000000000000000000000000000000000000000000001000000000001
1000000000000000000000000000000000000000000000000000000100011000000000000000001110000000000000000000
1100000000000000000000000000000011100000000000000000000011100000000000000000000000000000000000000000
0001100000000000000000000000000000000000111100000000000000000000000000000000000000000000000000000000
0000000000000000000000000000000000000000000011100000000000000000000000000010000000000001110000000000
0000000000001110000000000000011000100000000111000000000000000000000000000000000000110001100000000000
0000000000000000000000001000001000000000000000000000000000000000000000111100000000100001110000000000
0000000000000000000000000000010000000000000000000000000000011100000001100000000001000000000001111000
0000000001110000000000000000000000000000000000000000000000011000000011000000000000000000000000000110
0000011000000000000000000000000000001101100000000000000000000000000000000000000000000000000000000000
0000011001100000000000000000000000000000000000000000000000000000000000010000000000000000000000000000
0000000000000000001110000011000000000000000000000000000000000000000000000000000000000000000000000000
0000000000000000000000000001100000000001100000000000000000000000000000000000000000000000000001000000
0000000000000000000000000000000000000000000000000000000000000000000000000000000000000000111000000000
0011100000000000000000000000000000000001111000000000000111000000000000000000000000000000000000000000
0000000000000000000000000000000000000000000000000000000000000000000000000000000000000000000000000000
0000000000000000001110110000001011111001100000011110011000000111111100111111001111111111101110011111
1001110000001100000011111010011111110111110001111011001100000011111110011000000101100000111111001111
0000111100000111111101110000001100000011111110011111100111111111111100000111000001111000001111111011
1000000111111001010000001111111011100000011000000111000000110000001111110010111110011111110110000001
1100000011000000111111110111111001110000001111111111100000111111110110000001010000001100000011111110
0110111011111111111111100111111001111111001100000011111110011000000111111100111111101111111111101110
0110000001111111001111110011100000011111100111111101010000001110000011111110011000000111111100111111
0011110000111100000110000001010000001111110011000000111100000111111111111111101111110011111110011111
1001111111011100000000001111111001111111011110000011011100111111100111111001100000011111110011111100
1011111001110000010111110011111100111000001111111001111111011100000011000000111111100111111001111110
0101000000111111101111111001100000011110000111111101110111001100000011111111011001111111001100000011
1111001011111001111110011110000011111100111111001111111001111110010100000011111100111000000110000001
1110000111000000111111001111100001110000011111111011111100101000000111111001110000001110000011111110
0110000001111110010111110011000000111111110110000001110000011100000011000000111000000110000001110000
0011111100111000000111111001111111011110000011111110101000000111111001110000001111110011100000111110
0001101100110000001010000001111110011111111111111100111000001011111001100000011111110011111100111111
1001111110011000000111100000111000001110000001100000011100000011000000101000000111111001111111001111
1100111111101110000001111111011111110011000000111111100110000001111111111100000011000000111111100110
0000011100000011111110101111100110000001111000001111110011110000011111111111111101110000001111111110
1110000110000001111111001100000011110000011111100110000001110000001100000011111000011111100111111110
1110110011110000111111100111111101011111101111110011111110011000000111100000110000001111100011101110
0111000001111111001111111111111110011111100111111101111111001100000011110000011111111111100000111111
0011111110011111110111111101010000001111100011111111011111100111100001111100001111111010111110011111
1001111111101100000011110000111000000111111111111111001100000011111110011000000111100001111111001111
1100101000000111111111110000001100000011111111111100000111100001011000001100000011111111011000000111
1111001101110011111110111111110111111100110000001111111010111110011000000111111100110000001111000001
1111100111111001010000001100000011110000011111100111111100110000001100000011100000011111100101000000
1111111011111110011111100110000001110000001111100011111111011000000101100000110000001011111001111110
0111000001111111101111110010100000000000000000000000000000000000000000000000000000000000000000000000
0000000000000000000000000000000000000000000000000000000000000000000000000000000000000000000000000000
0000000000000000000000000000000000011011000000011111110011111110111111100110000001011111001100000011
1111100110000001111111111110000011111111101111100111111001111111001100000011110000111111100110000001
1111110011100000101100000111000001111111111111110011100000111111100111000001010000001100000011100000
0111111001111000011111111011000000111111100111111001111111001100000011100000011111100111111111111000
0011000000111111100111111101111111011111110011000000111111100111111001111111001100000011111110011100
0001111000001101110011111100111111101111110011110000011000000111100000110000001111111011101111011000
0001111111001111111111100000011111100111111100111111101110000001100000011000000111111100111111001111
1110011111100111111101110111001100000011111110011111100101111100111111001110000001111110011111110011
1000001111111011100000011000000111111100111111101110000001111111011111110111000000111111001111111101
1000000111111101111111001100000011100000011000000111000000110000001011000001100000011111100111111100
1111111011111110011111110101100000111111101111111001100000011110000111111100110000001110000001100000
0111111100110000001111110011100000011111110101111100111000001111111111111111011111111111111100110000
0011111111011111100110000001110000001110000010100000011111100101111100110000001110000001101110011000
0001111000001111111011110000011100000111111101111000001111111011111110011100000101000000110000001111
1111011100000111111100111100001111111011111111011000000111111000111000001011111111111110011111111011
1111001110000001100000011111100111111110110000001111000001110000010100000011000000111111100111111101
1111111011111100111000001111111001111110010111110011111100111110100111111001100000011100000011111100
1111000001100000011111110011000000111000000111111001110000010100000011111100101000000111111101111111
0011111100111000001111100001100000011100000011111100111000000111111001111111111111110011111110101111
1101111000011101111111111110000011111100111100000111111001111111101111110011111111111011100110000001
1111110011111110111111100111111001011111101111110011111100111111100111111001011111001111111111111100
0111111101111111111111110011111100111111100111111101111111111110000011000000111000000111111001111111
0011111100111111110111111001100000011111110011100000101111100111011101111111101111110011000000111000
0001100000011100000011000000111111100111111101111111001110000011100000111111100110000001111111101111
1100111000000111111101100000011111111011111100111000000111111101100000001100000011100000111000000111
1110010111110011111100111000000110000001111111011100000011111000111111100111111111110000001111110011
1111111111001100000011111111011111110101111100111111001111110011111110011000000111111100110000001111
1110111111110111111001010000001111111010111000011111110111111101111000001111111110111110011111100111
1000001100000011110000111000000110000001110000001111110011110000011111110111111001111000001100000011
1000000111111001111111101100000011100000011111110111100001111111111111110011110000011100000111000000
1111110011110000011000000111100001110000001111110011100000011111111111000000110000001011111001100000
0111100000111000001111111011100111111001111111011111110011111110111100000111111111100000011111110011
1111001111111001110000011111100101100000111111101011111001100000010100000011100000111000001111000001
1111100111011100110000001111111101100000011100000011111100111111001111111001100000010100000011111110
1110000001111110011100000111111110110000001111111001111111010111110011000000111111100111111001111111
1111111110111111001010000001100000011111110011000000111111110110000001011111001111111011100000111100
0001111111111100000011111111111111011100000011111100111000000110000001111110011111110011111110101000
0001100000011111000011000000111111100110000001110000011110000011000000111000000110000001011111101111
1100111111100111000001111111011101111011111100101000000111111001010000001111000011100000011000000111
1111111100000011111111111111100111111000001111111010100000011000000101111110110000001110000001100000
0111000000111111001111111011111111011100000111111111111000001100000011110000011111111101111110111111
0011111111011000000111111101111000001100000010111110011111110101000000110000001110000001100000011111
1101110000001111000011111000011111110111111100110000001111000011100000011111100111100000111111101111
1110011111100111111101011111101111110011100000011000000111000000111111001111110010100000011111100101
0000001111111011100000111111111111111001111111101111111010110000011111111111111100110111001111111010
1111110111111001111111101100000011100000011000000111111001111000001111111010100000011111100101100000
1111111011111100011000000111111001111110000001111111011111110011111110111000000111111001110000001111
1100111111101111111001111110010111111011111100111000000111111001111000011111110011000000111111100111
0000010100000011000000111111100110000001111111011111110011111100111111100111111001011111111110000011
1111100110000001111111011111110011111100111111100110000001111111001100000011110000011000000111111101
1101110011111110111111100111111001111000011100000011110000111000000111111001111111011100000011000000
1111111001111111011100000011111100111100001111000001100000011111111011000000111111001111000001111000
0101110100110000001111111001111110011111110011011100111111101111111001110000010100000011000000111100
0001100000011111110011111110110000001111111101100000011100000011000000111000000111000000010111111111
0000001111110010111110011111100111111101110000001100000011100000011000000111000000111111001111111001
1000000111111100111000001111111111111110011111110111111100110000001011111001110000011111110011111100
1110000001111000011111110101000000111100001110000001111110011111110111111100111111001110000001111110
0110000000110000001100000011111110011000000111000000110000001011000001100000011111111011111100110000
0011100000011000000111100000110000001110000001111110011110000011000000111000001110000001110000011101
1110111111001110000001111000011110000011111111111111101111100001100000011100000011000000111000000111
1111010110000011000000111111100111111001111111011111110011000000111100000110000001110000000000000000
0000000000000000000000000000000000000000000000000000000000000000000000000000000000000000000000000000
0000000000000000000000000000000000000000000000000000000000000000000000000000000000000000000000000000
0000000000000000000000000000000000000000000000000000000000000000000000000000000000000000000000000000
0000000000000000000000000000000000000000000000000000000000000000000000000000000000000000000000000000
0000000000000000000000000000000000000000000000000000000000000000000000000000000000000000000000010000
0000000000000000000000000000000000000000000000000000000000000000000000000000000000000000000000000000
0000000000000000000000000000000000000000000000000000000000000000000000000000000000000000000000000000
0000000000000000000000000000000000000000000000000000000000000000000000000000000000000000000000000000
0000000000000000000000000000000000000000000000000000000000000000000000000000000000000000000000000000
0000001000000000000000000010000000000000000000001000000001100000000000001000000001000000000000000000
0000100000000000000000000000000000000000000000000000000000000000000000000000000000000000000000000000
0000000000000000000000000000000000000000000000000000000000000000000000000000000000000000000000000000
0000000000000000000000000110000000000110000000000000000000000000000000000000000000000000000000000011
1000000000000000111000000000000000000011100000000000000000000000000000001100000000000000000000000110
0000000000000000000000000000000000000000000111000000000000000000000001100000000000000000000000000000
0000000000000100000000010000000000000000000000000010000000010000111000000001000000000000000000001110
0000000001001000100010001000000000010001000010000011100000100000100000000110000000110101110000000000
0010000000100110000000000010010000110000010000000100010000000000010001000000000000000010111100001100
0000010011100010000000001101000001000000000001000000010100100000000000010001000000001110001100000000
0000000000000000000000001110010000000000000100011100000001001001100000000000000000000001000000010000
0000100000100000000000000000010000000001000101111010000000000111110000000110000000100001000001111000
1010001000100000111010000010000000100000000000010000000000001100000000000000000000000001100000000001
1001000000000000001000100000001100000001110000000000110010000000000000000000000000000000111011100000
0000000000000000000000000000000000000000000000000000000000000000000011001011101100000000000000000000
0000001010000001000000111000000001001000001000000000000011000000000000000000000000000000000000000000
0000000000000000000000000000000000000000000000000000000000000000000000000000000000000000000000000000
0000000000000000000000000000000000000000000000000000000000000000000000000000000000000000000000000000
0000000000000000000000000000000000000000000000000000000000000000000000000000000000000000000000000000
0000000000000000000000000000000000000000000000000000000000000000000000000000000000000000000000000000
0000000000000000000000000000000000000000000000000000000000000000000000000000000000000000000000000000
0000000000000000000000000000000000000000000000000000000000000000000000000000000000000000000000000000
0000000000000000000000000000000000000000000000000000000000000000000000000000000000000000000000000000
0000000000000000000000000000000000000000000000000000000000000000000000000000000000000000000000000000
0000000000000000000000000000000000000000000000000000000000000000000000000000000000000000000000000000
0000000000000000000000000000000000000000000000000000000000000000000000000000000000000000000000000000
0000000000000000000000000000000000000000000000000000000000000000000000000000000000000000000000000000
0000000000000000000000000000000000000000000000000000000000000000000000000000000000000000000000000000
0000000000000000000000000000000000000000000000000000000000000000000000000000000000000000000000000000
0000000000000000000000000000000000000000000000000000000000000000000000000000000000000000000000000000
0000000000000000000000000000000000000000000000000000000000000000000000000000000000000000000000000000
0000000000000000000000000000000000000000000000000000000000000000000000000000000000000000000000000000
0000000000000000000000000000000000000000000000000000000000000000000000000000000000000000000000100000
0000000000000000000000000000000000000000000000000000000000000000000000000000000000000000000000000000
0000000000000000000000000000000000000000000000000000000000000000000000000000000000000000000000000000
0000000000000000000000000000000000000000000000000000000000001111110011000000111111100110000001110000
0011000000111000001110111001111110011111110011000000111100001010000001111110011111110011000000111111
1010110000011111110111000000110000001110000011111110011111110111011110111111001111111001111110011100
0000111111001110000011111110011111100111111100111111001100000011111110011111110111000000111111001111
1111111000000111000001111111001100000011111110011111100111100000110000001100000011110000011111100111
1000011111000011111100000011110000011111111111111100111111001111111101100000011111110011111111100000
0111100001111111001111110011110000011111100111000001110000001110000011111111011100000111100000110000
0011111110111000000110000001111000001111110011111110011000000111111111110111101100000011100000011000
0001111000001100000011100000011000000111111101111111001100000011100000011111110101111100110000001111
1110011000000111100000111111001100000011100000011000000111111100110000001111000001111110011111100101
1111101111111011100000011100000111000001111111001100000011111110011111110111111100110000001111111101
1000000111100000111111001100000011100000011111100101111110111111001100000011111110011000000111111100
1111111011111110111011100110000001110000001100000011100000011000000111000000110000001111000001111110
0111111101110111001111110011110000011111110111111100111000001111111011110000011111001100000000111000
0111111101110000001100000011111110111011100110000001110000001111110010100000011111110111111100110000
0011111111111000000110000001111111001100011100000111111110110000001110001100000011000000111111111111
1110010111111011000000111111110111111001111111001101110101111110011100111000000101000000111111111110
0110010001111111001111111111111111011111110111111101111111101100100011100000011111110111100000111111
1111111111011111110111111110110011111111111110101011100110000001111011111111111111111111111111111111
0011000000111000000110000001111111011111110011000000111111110110000001010000011111010011111110110000
0011111111111100000011110000111111101011000001100000011100000011100000111111101011100001111111011111
1111110111001111111111111111011000000111111111111111001111000011111110011100000111100000111111101111
1111111000000110000001110001101111111011111111111000000111000001111000001111111011100000011111100101
1111001111110011110000011000000110000001111111001110001011111101100000011110000011111111111111101111
0000011000000101111100111111001100000001100000011100000011000000111000000111111001100000011100000011
0000001110000001100000011110000111110000111111001011111001100000011111110011000000111111101111111001
1000000111111110111111101111000011111111011111100111000000111000001010000001111110011000000011000000
1100000011100000011000000101111100111111001111111011111111011000000111100000111111111110000001110000
0111111100110000001110000001100000011000000111011100111111001011101001111110011111110101100000111111
1111111110011111110111111101011111001111111111100000011111100111111100110000001111111110011100000011
1111001111110011110000011000000111100000110000001111000001111110011100000111111100111111101111111001
1100000111000000110000001111110011111110011111100111100000111111101111111011110000011111111111111100
1110000010111111111000000111111101110000001100000011100000011000000111111100110000001010110011011111
1101110000001111110010111110011000000111000000110000001111111101111110011000000111111100111111101011
1111011000000111111100110000001111000011100000011111100111011110110000001011111001111110011100000011
1111001111110011111110011111100111000000111111001110000001100000011000000111000000111111101111111101
1000000111111100110000001110000001100000011100000011111100111000001111111001110000010100000011111100
1110000001100000011111110111000000111110001111111001111110011100000011000000110000001111111101100000
0111111110111111001111000001111110011110000111111110111111101111000001111110011100000011111100110000
0011111111011000000111100000111111111111111001100000011100000111111100110000001111111101110010111110
0111111101110000001100000011100000011000000111111101010000001111110011111110011111100111111101111111
0011111110111111100110000001111111111100000011111111111011110111111101111111101111110010100000011111
1101111111101111110011100001111111011110000011111111101111100111000001111111111111110011111110111000
0001100000011110000011000000111100000110000001111111101110000011111110111011100110000001111000001100
0000111111100111111001100000011110000011111110111100000111111101111111001100000011110000011000000111
1111010111000011100000101100000110000001111111011111101111111011100000011000000111111100110000001111
0000111100000111111101110000001111110011111110011111100111111101110000001111110011110000011111110111
1111011111110011000000111111110111000001111111001101110011100000111100000110000001010000001110000011
1111111110111001100000001111110011000000111000000111111001011111100000000000000000000000000000000000
0000000000000000000000000000000001000000000111111111111000001111000001111111011110000011111100111001
1111110011110000000000000000000000000000000000000000000000000000000000000000111111110101011100111111
1011100000011111111111111101011111001111110011111111111000000110000001111111101110000011111110011000
0001111111011111110011000000111000000111111101110000011111110011111110101000000111111001111000011100
0000111111101111111101111111010110000011000000101000000111000001111111001100000011100000111000000110
0000011110000011100000111111100111111101111111011111000011111110111111100111111111111000011111111011
1100001111100001100000011110000111111100110000001111101011111001100000011100000011000000101000000111
1110011100000011000000111000001111111001111110010111110011111100111111111111111001100000011110000011
1111001011111101100000011100000011000000111111101111000001111111011100000011000000111111100111111101
1111111111000000111000001111111001100000011111110011111100111111101110111001100000011111111011111111
1110000001111110011100000111000000111111101110000001100000011111110011111100111111101110000001100000
0111110100111111001111111001111110011110010100000011111100111111001111111001100000011110000011111100
1100000001110000011100000111000000110000001011111001100000011111110111000000111111001111111111111110
0111111110110000001111110011101110011111100111100000110000001111100001111110011111110111111110111111
0010111110011000000111100000111111001111111111101110011100000101000000110000001110000001111110011000
0001111111001100000011100000011000000101111100110000001110000001111110011000000111000000111000001111
0000011111100111111100110000001110000001110000011100000111100000111111111111111101111110011110000111
1000001111110011110000011111100101111110111111001100000011111111011111100111111100111111101111110001
1111100111000001111111001100000011111110011000000111100000110000001110000001111110011111110111000000
1100000011111110011111100111111101111111001111110011110000011111100101000000110000001110000001111110
0110000000110000001100000011110000011111110111000000111000001111111001111110011100000111000000110000
0011100000011110000111111100111111001111000010111110011101111001111110011111100111111100111111001100
0000011111110111111101111000001111000011111110011111100101000000111111111111111001111110011111111111
0000001100000011110000011111100111111101111000001111110010111110011111100111111110110000001111111001
1011100110000001111111001111110010100000011000000111000000111111000000111001111111011111110111111100
1111111111100000011100000111111111110000001111111111111110011000000111111110110000001010000001111110
0101111100111111101111111011101110011000000111000000110000001111111001111111111110000011000000110000
0011111111011000000111111100110000001111111001111110011000000011111100111111001111111101111111110111
1100111111001110000001111110011110000111111110111111001111111101100000011111110111111100111111101111
1111011000000111000000111000001111111011111111011000000111111100111111001111000011100000011000000111
0000001100000011100000011000000111111100111111101111111001111111011000000111111111111111001111111001
1000000111000000111111001111111001101110011111110101100000110000111001110000001111110011111111011000
0001111000011101110011100000101111111111111001111111001100000011111110111000000111111111111110101000
0001110000011100000011000000101111100111111001111000001111111011000000011000000111000001111000001111
1110101111100111111001111111011111111011111100101111100111111101111000001111110011000000111111100111
0110000001111100001100000011110000011111100110000001110000001110000011111110011111100111100011101111
1111111111100110000001111111001100000011111111111100000110000001111100001110000011100000011100000111
1111001111110011000000111000000111111101110000001100000011111110011111100111000000111111001111111011
1000000111100001111111101111111011111110111111100110000001111111001100000011110000011000000111111100
1111111111110000011000000111111100111111101111111111100000011111110101000000111111101111111001110000
0111111110110000001100000011111110011000000111100000111111101111000001111110011110000111000000111000
0011100000011000000111111100111111001111111011111110011000000101111100111111001111111011111111011000
0001110000001100000011100000011000000111111101110000001111111010111110011111100111000001100000000000
0000000000000000000000000000000000000000000000000000000000000000000000000000000000000000000000000000
0000000000000000000000000000000000000000000000000000000000000000000000000000000000000000000000000000
0000000000000000000000000000000000000000000000000000000000000000000000000000000000000000000000000000
0000000000000000000000000000000000000000000000000000000000000000000000000000000000000000000000000000
0000000000000000000000000000000000000000000000000000000000000000000000000000000000000000000000000000
0000000000000000000000000000000000000000000000000000000000000000000000000000000000000000000000000000
0000000000000000000000000000000000000000000000000000000000000000000011000000000000000000000000000000
0000000000000000000000000000000000000000000000000000000000000000000000000000000000000000000000000000
0000000000000000110000000000011000000000000000000000000000000000000000000000000000000000001100000000
0000000001110000000000000000000110000000000000000000000000000000111000000000000000000000011000000000
0000000000000000000000000000000000001110001000000000000000000000000000000011000000000000000000000000
0000000000000000000000000000000000000000000000000000000000000000000000000000000011100000000000000000
0000000000000000000000011100000000000000000000001110000000000000001110000000000011100000000000000000
0000000000000000000110000111000000000000000000000000000000000000000000000000000000000000000000000000
0000000000000000011000000000000000111000000000000000000000000000000000000000000000000000000000000000
0000001110000000110000000000000000000000111100000000000011110000000000000000000000000000000000000000
0000000111000001100000000000000000000000000011000000111000000000000000000000000000001101100001000000
0000000000000000000000000000000000000011001100000000000000000000000000000000000000000000000000000010
0000000000000000000000000000000000000000000000000001100000011000000000000000000000000000000000000000
0000000000000000000000000000000000000000000000000000000000011000000000011000000000000000000000000000
0000000000000000000000000000000000000000000000000000000000000000000000000000000000000000000000000000
0000000000000000000011100000000100111000000000000000000000000000000000011000000000000011000000000000
0000000000000000000000000000000000000000000000000000000000000000000000000000000000000000000000000000
1000000000000000000000000000000000000000000000000000000000000000000000000000000000000000000000000000
0000000000000000000000000000000000000000000000000000000000000000000000000000000000000000000000000000
0000000000000000000000000000000000000000000000000000000000000000000000000000000000000000000000000000
0000000000000000000000000000000000000000000000000000000000000000000000000000000000001000000000000000
0000000000000000000000000000000000000000000000000000000000000000000000000000000000000000000000000000
0000000000000000000000000000000000000000000000000000000000000000000000000000000000000000000000000000
0000000000000000000000000000000000000000000000000000000000000000000000000000000000000000000000000000
0000000000000000000000000000000000000000000000000000000000000000000000000000000000000000000000000000
0000000000000000000000000000000000000000000000000000000000000000000000000000000000000000000000000000
0000000000000000000000000000000000000000000000000000000000000000000000000000000000000000000000000000
0000000000000000000000000000000000000000000000000000000000000000000000000000000000000000000000000000
0000000000000000000000000000000000000000000000000000000000000000000000000000000000000000000000000000
0000000000000000000000000000000000000000000000000000000000000000000000000000000000000000000000000000
0000000000000000000000000000000000000000000000000000000000000000000000000000000000000000000000000000
0000000000000000000000000000000000000000000000000000000000000000000000000000000000000000000000000000
0000000000000000000000000000000000000000000000000000000000000000000000000000000000000000000000000000
0000000000000000000000000000000000000000000000000000000000000000000000000000000000000000000000000000
0000000000000000000000000000000000000000000000000000000000000000000000000000000000000000000000000000
0000000000000000000000000000000000000000000000000000000000000000000000000000000000000000000000000000
0000000000000000000000000000000000000000000000000000000000000000000000000000000000000000000000000000
0000000000000000000000000000000000000000000000000000000000000000000000000000000000000000000000000000
0000000000000000000000000000000000000000000000000000001000000000000000000000000000000000000000000000
0000000000000000000000000000000000000000000000000000000000000000000000000000000000000000000000000000
0000000000000000000000000000000000000000000000000000000000000000000000000000000000000000000000000000
0000000000001100000000000000000000000000000000000000000000000000000000000000000000000000000000000000
0000000000000000000000000000000000000000000000000000000000000000000000000000000000000000000000000000
0000000000000000000000000000000000000000000000000000000000000000000000000000000000000000000000000000
0000000000000000000000000000000000000000000000000000000000000000000000000000000000000000000000000000
0000000000000000000000000000000000000000000000000000000000000000000000000000000000000000000000000000
0001100000000000000000000001110111100001111111000111111001111000000000000000000000000000000000000000
0000000000000000000000000000000000000000000000000000000011100011001100100000000000000000000000000000
0000000000000000000000000110000011111110000000000111111111110000001111111111111110011100000111111100
1101110011000000111000000111111101010111001111111010111110011111111111000000111000001111111111100000
0111111101110111101110000010100000011111110111000000110000001110000011111110011100000101111100110000
0011110000011111100110011000000111000000111000001010000001111111011111111011111100111111101110000001
1111111101011100111111101111111101100000011111111111111111110000001011111001111110011100000111111110
1100000011110000011000000111111110110000001110000011111110011100000111111100111111001100000011100000
0110000001011000001111110011111111011111111111110001011111001100000011100000111100000110000001111111
0111111110110000001111111101111110011000000111011100110000001011111101100000011110000011111110111111
1110100000011000000111111101111000001100000011111110011111110101000000110000001111111001111110011110
0000110000001111000011111110011111110101000000111111101111000001100000011111110011111100111111001110
0000011110000111111100111111101110000001100000011111111111111100111111101110000001100000011100000011
1111001110000011111111111100000111111100110000001111000001100000010100000011111100111111101110111001
1000000101000000110000001111111101101110011100000011111110110000001111111101100000011110000011000000
1111111011111110011111110111111100100111111101111111111100000011111100111000000111111001111111001111
1100111111001110000001111111010111110011000000111111101111111001100000010100000011111100111000000111
1110011111100111000000110000001110000001100000011111111011000000111100000111111001111111011111110011
1111001011111001111110011100000011111100111000000011111011000000111111110111111001111111001100000011
1110100111111001111111101100000011111110111111100110000001011111001111110011100000011100000111111101
1111110011111100101000000111111101111111011110000011000000111111100111111001111000001111110011110000
0111111101111000011111111111111110111111100111000001111111101111110011111111111111100111000001011111
0011000000111000001111000001110000011111110011000000111100000111111001111111001100000011111110111000
0001111000011111110011000000101111100111111001111000011111111011000000111110000110000001111000001100
0000111100000110000001111111011110000011111111101111100111000001111111111110000011111100111100000111
1111011100000011000000111000000110000001111000000111111111011111001111110011100000011111110110000001
1100000011111100101111100111111111110000001100000001100101000000111111101100000001110000011000000111
0000001100000011111110011000000111111100111111000110011111110011111110111111100110000011000000111110
0111100000011111100101000001110000001110000011000111000001010111011111111111001011111111100000011100
0001110000001111000011111110011111111111000000110000001110000011111110011111110111111110111111101111
1110011111100111111101111111101111111111100000011111100110000001110000001111111011100000011000000111
1111111111110011000000111111110111111001100000011100000011111110101000001111110101111100111111001111
1111111111100111111101010000001111111010111111011111100111111101111111101111111110100000011111111111
1111001100000011100000111111100111111101010000001100000011111100011111111111111101111111001111111111
1000000110000001111111101111111111111111111000000110000001111111001111111011100000011000000111100001
1110000011100000111111100110000001010000001100000011100000111111110110000001111100001100000011110000
1110000001100000011110000011000000111100001110000001111111110100000011111100111111111010111101100000
0111111100110000001111111011111110011111111111111110111111101010000001100000011110000111111100110000
0011111110011100000101111111111111111111000001111111011110000111110011100000011111110101111110111111
0011100000011000000111100001111000001111110010100000011000000111111110110000001011111001100000011111
1100111111101100000011111111011111100111111100110000001111111011100000011100000011000000110000001110
0000011111100101100000111111101111111001101110011111110111011100111111001010000001100000011110000011
0000001111111001111110011000000111000000111111101011111001100000011111111011100000111111001011111111
1111100101000000110000001111111011110000011111111111100000111111111011111001110000011111111111100000
1111000001100000011100000111100000111111001111111001111110011100000011111110111000000111000001111111
0111111101111111001111100001100000011111110111000000111100001111000001100000011111110011111100110000
0011100000011000000111111100110000001111000001111110011111111111011110111111001011111001111111011100
0111111111111111111111110111111111001111111111111110101111111011111111111111111111111111111111111111
1111111111111111111111111111101111111110111110011111110111111100110000001111111001100000011111101111
1110111011100110000001111111101110000010110000011100000111100000110000001110000001111110011000000111
1111001111110010111111111000000111100000110111001100000011111111011000000111000000111111001111111001
1000000111100000111111001111000011100000011000000111111100111111001111111001111110011111110111000000
1111110001101110000011111110011000000111111110111000001110000001111111011111110111100000111100001110
0000011100000111000000110000001111101111111111011111110011100000111111101110000001100000011111110011
1111001111111011111110011111110101111100111000001011111001111110011111110011111100111111101111000001
1111111111111100111111001111111010100000011111100101111100110000001111111101100000011111110111011100
1100000011111111011111100111100000111000001100000011111110011100000111110100110000001111111001111111
0110000001111111001111111011111010011000000111000000110000001111000011111110011111100101000000111111
1010111110111000000111111101011111001111110011100000011000000101100000111111001111111011101111011111
1001111001111111001100000011100000011000000111111110111111001100000011111110011100000101111110111100
0011111110111111100111111001111111101100000010111111111111100111111101111111001111111010111111011111
1001111000001100000011110000011111110000001111111001110000011111111011000000111111111111111001110000
0111111100111111001110000001111110011110000111111100111111101010000001111110011100000011111110111111
1011111111011000000111111110111111101111100001111110011100000011111100110000001110000001111000011101
1100111111001011111001011111001111110011100000111000000110000001010000001111000011000000111000000110
0000011111110111100000111111111111111011111110011000000111111101110000001111100011100000011000000111
1000011100000011000000111000000110000001100000011111111011000000111111001011111001100000011111110111
1111001111110010111110011000000111111101110111001100000011111111011000000111000001110000001111110011
1111100110000001111000011111110011000000111111100111111001111111011100000011000000111111110110000001
1000000111100000111111101111111111100000011111100111000000110000001100000010111110011111100111111001
0111111011111100111000110001110000001111110011111110111011100111111101111000001111111111110000111000
0001111110010100000011111100111111001011111001100000011100000111000000111111001111111011100000011000
0001111111001100000011100000111000000110000001110000011100000011111100111000000111000001110000011111
1100111111001100000011100000011111110111111100110111001111110011111110011000000111000001010000001111
1100110000001111111001111111011000000111111100110000001111111101111111011111111111000000111111001100
0000111111100111000001111111001101111110000110000001110000001111110011111111011000000111111101011111
0011111100111111110110000001111111111111110011000000111111100111111101111000001100000011111000111111
1001100000011111110011111100101111110111111001111000001100000011111110111100000111111101011111001100
0000111111100110000001110000001111110011111110111111100111111001011111001100000011100000011000000111
1111001111111111100000011000000111000001111111001100000011111110011000000111111110111111001111000011
1111100111111001011111001111110011111110111111100111000001011101001100000011111110011111100111111101
1110000011111110101111100111111001011111001100000011100000011110000111111111111111001100000010111111
0111111101011100001110000011100000011100000111000001110000001111000011111111011111111111111100111111
0011110000111111100111111001011111001100000011110000011111110111111110111111001111110011100000111100
0001100000010100000011111100111111100111111001111111001100000011111110011111110111111111110000001111
1100101000000111111101100000001111110011100000111111100110000001111000001100000010111010011000000111
1000001100000011110000011111100111111101111111001111111010111111011000000111111111111111000000001111
1100111000001011111111100000011111110011111110101111100111111001111111011111110011000000111111100110
0000011111110011000000111111100110000001111000011100000011111100111000000111111001111111101111111011
1111001111111001111100000011111100110000001111111001111111111111110011111100111100000111111001100000
0111000000110000001111111001111110011111110011111100111111100111000001111100001100000011000000111111
1001111110010100000011000000101111100111111101110000001111111111100000111100000110000001111111001111
1110101111110111111001110000001111110011111110111000000111110001111111001110000010110000011000000111
1111001100000011100000111111100110000001111111001110000011111111011111110110000001100000000000000000
0000000000000000000000000000000000000000000000000000000000000000000000000000000000000000000000000000
0000000000000000000000000000000000000000000000000000000000000000000000000000000000000000000000000000
0000000000000000000000000000000000000000000000000000000000000000000000000000000000000000000000000000
0000000000000000000000000000000000000000000000000000000000000000000000000000000000000000000000000000
0000000000000000000000000000000000000000000000000000000000000000000000000000000000000000000000000000
0000000000000000000000000000000000000000000000000000000000000000000000000000000000000000000000000000
0000000000000000000000000000000000000000000000000000000000000000000000000000000000000000000000000000
0000000000000000000000000000000000000000000000000000000000000000000000000000000000000000000000000000
0000000000000000000000000000000000000000000000000000000000000000000000000000000000000000000000000000
0000000000000000000000000000000000000000000000000000000000000000000000000000000000000000000000000000
0000000000000000000000000000000000000000000000000000000000000000000000000000000000000000000000000000
0000000000000000000000000000000000000000000000000000000000000000000000000000000000000000000000000000
0000000000000000000000000000000000000000000000000000000000000000000000000000000000000000000000000000
0000000000000000000000000000000000000000000000000000000000000000000000000000000000000000000000000000
0000000000000000000000000000000000000000000000000000000000000000000000000000000000000000000000000000
0000000000000000000000000000000000000000000000000000000000000000000000000000000000000000000000000000
0000000000000000000000000000000000000000000000000000000000000000000000000000000000000000000000000000
0000000000000000000000000000000000000000000000000000000000000000000000000000000000000000000000000000
0000000000000000000000000000000000000000000000000000000000000000000000000000000000000000000000000000
0000000000000000010000000000000000000000000000000000000000000000010000000000000000000000000000000000
0000000000000000000000000000000000000000000000000000000000000000000000000000000000000000000000000000
0000000000000000000000000000000000000000000000000000000000000000000000000000000000000000000000000000
00000000000000000000000000000000000000000000000000000000000000000000000000000000