Samples:
o100111011111110111000000111011101110000001110000011110000111101110111011101110000001111000011101111
1110000001110000011100000011100000111100001111000001110000011110000011100000111011111111111101111000
0111001111111000001111111101110111111011101111111001110000011101110111100000111111101111000001110000
0111000000111000001110111111110111011100000111000000111011111110111011111111011101111111111110111000
0011111111111000000111000001110000001111111011100000011100000111000001111000001110111011100000011111
0001110111001111111011100000111100000111000001110000001110000011111110011101110111000001111011101110
1110111001110111011101110111011110111011100000111101110111011101110000001110000011101110111001100111
0000011111110111001111111011101111011001111000011100000011110000111111111111111011100000111111101111
0111011101110111011101111000001110111111101110011110000111011100110011111110000011110000011100000111
1111101110000011111111111101111111111111111011111110000011110000011101110111000000111011101111111011
1000000111111111110000001110000011101110111111110111011101110011101110111011100000000111000111100001
1100111111111110111000000111000001111000011100111011111000111101111111000001110111001110111111100000
1111011111111111011100111111101110111011110111011101110000011110111011100000111101110111011101110111
1111110000111011111110111101110111011101110111000000111100001111000001110111111101110011110000111011
1011111111011100000111100000111110001111000001111000011100000111000000111011101110111001110111011101
1101110000001110111011111111111101111111000001110000001110111011100111011101110111011100111000011100
1111111000001111000001110111011111110111101110111000001110000001110111011100000011101110111011101110
0111011100000111100000111111101110000001111111011100000111100000111000001110000001111111011101110111
0000001110111011100000111101111111011101111000001111111011110111011111110111011100111000001110000011
1100000111011101110111001110000011101111011101110111111101110000001111111111111110111100000111011101
1100111011100000111111110111000001111111111110000011111110111001111111000001110000001110111111111110
1110000001111111011110000011100000111111111111011101110111111100000011101111111011101111000001111111
0111000000111000001110111001110111011110000111101110111000001111111101111000011100000111100000111111
1011100000011100000111100000111011101111000011100110011110000111011100111000001111000011100111011100
0001110111001110111011101110111000000111011101110011111111111111100000011101110111011101111011101110
0000111101110111011101110111001110111011100000111101110111011101110000001110000011101110111000000111
1111011101110011101110111100001111011101110000011111111011100000111100000111011101110000011110111011
1111111111000001111000011101111111100000111000001111111101110111011101111111101111111011111110000001
1101110111011100111000001111111111111110111100000111000001111111101110111011100000111000000111011101
1101110011101110111011101110000001111000011110111011100000111100000111000001110000011100000011101110
1110000001110000011101110111110000111000001110000001111000011110000011111111111000001111011111110000
0111001111111000001111000011100111000000111011101110111001110111000001110000001110111011111110111001
1101110111111110111011101110111011101110000001110000011100000011100000111100001111000001110000011100
0000111000001111111111111111011101110111001111111100001110111011100000011111111111101110111111111110
1111011111110111100001110000001111000011101110011101110111000001111100001111000011100111111101110111
1011101110111011100000111101110111011101110111101110111011101110111000000111000001111100001110111011
1000000111000001111000011100111000011110000000001100000000000000000000000000000000000000000000000000
0000000000000000000000000000000000000000000000000000000000000000000000000000000000000000000000000000
0000000000000000000000000000000000000000000000000000000000000000000000000000000000000000000000000000
0000000000000000000000000000000000000000000000000000000000000000000000000000000000000000000000000000
0000000000000000000000000000000000000000000000000000000000000000000000000000000000000000000000000000
0000000000000000000000000000000000000000000000000000000000000000000000000000000000000000000000000000
0000000000000000000000000000000000000000000000000000000000000000000000000000000000000000000000000000
0000000000000000000000000000000000000000000000000000000000000000000000000000000000000000000000000000
0000000000000000000000000000000000000000000000000000000000000000000000000000000000000000000000000000
0000000000000000000000000000000000000000000000000000000000000000000000000000000000000000000000000000
0000000000000000000000000000001100000000000000000000000000000000000000000000000000000000000000000000
0000000000000000000000000000000000000000000000000000000000000000000000000000000000000000000000000000
0000000000000000000000000000000000000000000000000000000000000000000000000000000000000000000000000000
0000000000000000000000000000000000000000000000000000000000000000000000000000000000000000000000000000
0000000000000000000000000000000000000000000000000000000000000000000000000000000000000000000000000000
0000000000000000000000000000000000000000000000000000000000000000000000000000000000000000000000000000
0000000000000000000000000000000000000000000000000000000000000000000000000000000000000000000000000000
0000000000000000000000000000000000000000000000000000000000000000000000000000000000000000000000000000
0000000000000000000000000000000000000000000000000000000000000000000000000000000000000000000000000000
0000000000000000000000000000000000000000000000000000000000000000000000000000000000000000000000000000
0000000000000000000000000000000000000000000000000000000000000000000000000000000000000000000000000000
0000000000000000000000000000000000000000000000000000000000000000000000000000000000000000000000000000
0000000000000000000000000000000000000000000000000000000000000000000000000000000000000000000000000000
0000000000000000000000000000000000000000000000000000000000000000000000000000000000000000000000000000
0000000000000000000000000000000000000000000000000000000000000000000000000000000000000000000000000000
0000000000000000000000000000000000000000000000000000000000000000000000000000000000000000000000000000
0000000000000000000000000000000000000000000000000000000000000000000000000000000000000000000000000000
0000000000000000000000000000000000000000000000000000000000000000000000000000000000000000000000000000
0000000000000000000000000000000000000000000000000000000000000000000000000000000000000000000000000000
0000000000000000000000000000000000000000000000000000000000000000000000000000000000000000000000000000
0000000000000000000000000000000000000000000000000010000000000000000000000000000000000000000000000000
0000000000000000000000000000000000000000000000000000000000000000000000000000000000000000000000000000
0000000000000000000000000000000000000000000000000000000000000000000000000000000000000000000000000000
0000000000000000000000000000000000000000000000000000000000000000000000000000000000000000000000000000
0000000000000000000000000000000000000000000000000000000000000000000000000000000000000000000000000000
0000000000000000000000000000000000000000000000000000000000000000000000000000000000000000000000000000
0000000000000000000000000000000000000000000000000000000000000000000000000000000000000000000000000000
0000000000000000000000000000000000000000000000000000000000000000000000000000000000000000000000000000
0000000000000000000000000000000000000000000000000000000000000000000000000000000000000000000000000000
0000000000000000000000000000000000000000000000000000000000000000000000000000000000000000000000000000
0000000000000000000000000000000000000000000000000000000000000000000000000000000000000000000000000000
0000000000000000000000000000000000000000000000000000000000000000000000000000000000000000000000000000
0000000000000000000000000000000000000000000000000000000000000000000000000000000000000000000000000000
0000000000000000000000000000000000000000000000000000000000000000000000000000000000000000000000000000
0000000000000000000000000000000000000000000000000000000000000000000000000000000000000000000000000000
0000000000000000000000000000000000000000000000000000000000000000000000000000000000000000000000000000
0000000000000000000000000000000000000000000000000000000000000000000000000000000000000000000000000000
0000000000000000000000000000000000000000000000000000000000000000000000000000000000000000000000000000
0000000000000000000000000000000000000000000000000000000000000000000000000000000000000000000000000000
0000000000000000000000000000000000000000000000000000000000000000000000000000000000000000000000000000
0000000000000000000000000000000000000000000000000000000000000000000000000000000000000000000000000111
1000000111000001111111111100000011100000111100000111000001110111001110111011111111111111110111011101
1110000011101111100000000011101110111101110111011100000111001110111011101111110001110111011100000111
1011101110000011110111011101110100111000001110000001110111011101110111001110111000001110110001110111
0111011100111011101110111011100000011100000111001110111011101110000001110111011110000111100000111011
1011100000011101110111100000000000000000000001111111011100000111101111111011101110000001110111011101
1101110011101110111011100000011110000111000000111000111111111011100000011101110111011100111000001110
1110111100000111000001111111101110000011100000011100000111100001110111101110111011100110011100000111
0111011111111011100000111101110111011101110000001110111011110000111111110111100001110011111111000011
1011101111000001110111011100000011110000111011100111011101110111011100111011101110111000000111000001
1101110111001111111000001111111101111001110000011111111111000000111111101110000001111111011100000111
1100001110000011100000011101110111111100111011101110000011110111111100000111011100110000001110111011
1100000111100001111111111110111011100000111100000111011101110000001110000011100000111100000111011111
1110000011100000111011100111011101110111011100000011101110111100000111100001111000001111111011101111
1110000001110111011111110011100000111000001110011111110000011111110011111110111011101111000001110111
0111000000111011101110111101110000011100000111100000111011101110111101110111011100000111101110111000
0011101110011101110111000001111000001111111011101111111000000111011101110011101110111111100111111101
1111110000011111100011101111111000000111011101111111011110111011101110111001111111100001110000001110
0000111111111110011111110000011110111011111111111011100111000001110000011111100011100000111111110111
0000011110000111000000111011111111111101110111011100000011101110111011111110011101111111011101111011
1100001110000011110000011101110111001110111000001111111101110000011101110111110000111000001110111001
1111111111011110111111101110111011100000011100000111000001111011101110111111100111111100000111111110
1110000011111000111001110111011101110000001110000101011100000111100001111111101001111111111111000011
1111100111011101110111011110111011100000111100000111100001110111011111111111111110111001111111000001
1101110111101110111111111110000001110111011100000011111110111100001111011101110111011110000011111111
1110111001111111111101110111000000111000001110111100000111000001111000001111111011101110011100000111
0111101111000011101110111000000111000001111111001110000011101110111001110111011101110111101110000011
1000001111000001110111011100111011100000111011101111000001110000011110000011101110111010000111001110
0000111101111111000000111011100000011111110011101111111110000111011100111001110000000011111111111100
0000111000001111000001110000011100000111111111011100111011110000111100000111011101110111011100000011
1011101110000011110000011111110111011101110000001110111011111110111000000111111111110111101110000011
1000000111000001110111111100000011110000111100000111110001110000011111111011101110111011110111011101
1100000111110000111011111110000001111100011111110111000000111000001110000001110000011101111111001110
1110111011101110111001110111000001111011101111111111101110111101110111011101110011101110000011111111
0111111101110000011110111011101110111000000111011101110111011110000011110000111110000111000001110000
0011111110111000001111111111110111011111111011100000111000000110000001110111011100111011101110111100
0001111111111101111111111000111011101110111101100000011101110111000000111111111110000001111000011100
0001111000001110111011100000011111110111011100111000001111111111110111011100000111000000111000001111
1110111001110111000001111111111110111011101110011000000111011101110000001110000011100000011101110111
0111011100000011111110111111110111100001110111101110111011101110111001110111000001110111011110000011
1100001110000001110000011111111011101110111000001111011111111100011110000011100000111000001111011101
1100000111111100110000001110000001110111111100000111000000111011101111000001111100011111111011101110
1110000011100000011100000111011101111000011110111111101110111000000111011101111000011110111011101110
1110000001111111011100000011101110111000001111111101110000011110000011101110111011111111100001110000
0111001110111100001110011111111000011111110011101111111011101110011111111100011100000011111111111011
1011100111011100000111000000111011101111000011110110111011101110111101110111011101110011101110000011
1101111111111111110111011110000011101110111001110111000001111011101110111011101111111001111111000001
1100111111101110111000001111111101110111111111000011101111111111110111011101110111011100111011101110
1110111011100111011101110111001110111011101110000011111000011101110111000000111011101110111101110111
0111111101110011111110000011100111011101110111011110111000001110000011110111111100000111011110111000
0011111111111100000111011111110000001110111011101111011101111000000111000001111000011110111011101110
1110111111110111011101111111000000111111101111000001110111111101110111001110111011101110000001111000
0111100000111110001110000011111111011101111111001111111000001110000001110111011100000111101110111011
1011100000011101110111000001111111111110111011100000111101111111000001111000001111000011100000011111
1111110111011100111011100000111000000111011101110000001111000011101110111101110111000001110111101110
1110111000001111011111110000011100000011101110111111101110001111011100000000000011101110000001110000
0111011100111000001110000011110000011101110111111110111000001110000011100000011101110111100000111111
1011111110011111111111111101110011111110111111110000011110000111100001111011101110111011100000011101
1101110000001110111011100000111101110111011101110111001110111011110000111101111111011101110111111111
1110111011101110011111111111011100000011100000111000000111011101110000011110111011100000111101111111
0000011111111111101110111000001111011101110111111100000011111111111000001111011111110111110111011101
1110111011110000111100000111000001111000011100000011100000111100000111000001110111011110000011101110
1110111101110111011100000111101110111000001111000011110000011100000111100000111000001110000001110000
0111000000111100001110111111110000011101110111011100111000001111111011111111011101110111001110111000
0011111110011101110111100001111011101110000011110000011100000111011111111011111111000011110000011101
1101110000001110111011101110111001110111000001110111011111111011100000111000001111111101110000011110
0000111100001111000001110000011110000111001110111000001110000001110000011111110111001111111100001111
1000011101110111011110111011101110111011100111011100000111100011101110011100000111111101111011101110
0000111101110111000001111111101110111011101110111000000111011101110000001110111011100000111101110111
0111011101110011101110111100001111000001110000011111110011101110111000001111000001110000011100000011
1000001110111011100000011101110111000000111011101110000011110000011101110111001111111011101111000011
1111110111100001111000001110111011100000011111111111000001111000001110000011110111111100000111001111
1110000011111111011100000111000001111000001111111011100000011100000111011111111011101110000011110111
0111011101111000011110000011101110111000000111011101111011101110000011101110111000000111000001111011
1011100000111000001111011101110000011111111011110000111000000111000001110111011100111011100000111001
1111110000011101111011101110111000001111000001111000011111111011100000111000000111000001110000011110
1110111011101110000001110000011101110111001110111011111110000001110000011101110111001110111000001111
1111011101111111000001111111111110000011111111011101110111011101110000001111111011100000011100000111
0000001110111011111111111000000111000001110011101110000011110000111100000111000001110000011110000011
1000001110000001111000011101110111101110111000001111011101111000011101110011101110111011101111011111
1000011110111011101110111000001111000001110000011100000011111111111011100111111101110000011110000011
1011111110000001110000011100000111100000111000001110011101110000011111111111100000111011101110011101
1101110111011110111100001110111101110111011101110111000000111100001110000001110111011101110111001110
1110111111100000111011100000111000000111011111110111011100111011100000111100000111000001111000011100
1110111000001111111101110000011110000011100000111011101110000001111000011101111011100000111100001110
0000011100000111001110111011101110000001110000011110000011100000111000000111011101111111011100111011
1000001111000011110111011100000111101111111111101110111001111110011111111111101110111011101110111001
1101110111111111111100001111111011100000011101110111000001111100001110000011110000011101110111011100
1111000011100000111101111111110011111110000011110111011101110111000000111011101110000011111000011101
1111110000001110000011111111111100000111011101110000001110000011100000011100000111000001110011101110
1110111011100111111101110000011110111111101110111001111111111111110000001110000011100000111100000111
0000011111111011100000111011101110011111110111011100000111100011101111011111110111011101110000001110
0000111101110111000001111111001110111011101110111000000111000001110011111110000011100111011100000111
0000001110000011110000111001111111011101110000011110111011100000111001110111011101110000001110111011
1111101110011101110111011100000011100000111100001110011101110111011110000011111101110111011101110011
1111100000111011100111011101111000011111111011111111111000000111111111111000001110111011100000111111
1101110111111100000011100000111011101110011101110000011101111111110000111000001111011101110111011110
1110111000001111111101110111011110000011101110111100001110000001111111111101111111110000111011101110
0000011101111111000000111100001110000001110111011110000011100000111100001110011111110000011101111111
1000001110111011110000011100000111101110111000001111011101110111011101110111100000111011111000000000
0000000000000000000000000000000000000000000000000000000000000000000000000000000000000000000000000000
0000000000000000000000000000000000000000000000000000000000000000000000000000000000000000000000000000
0000000000000000000000000000000000000000000000000000000000000000000000000000000000000000000000000000
0000000000000000000000000000000000000000000000000000000000000000000000000000000000000000000000000000
0000000000000000000010000000000000000000000000000000000000010000000001111011100000000000000000000000
1000000001111000000000000000000000000000001110000000000000000000000000000000000000000000000000000000
0000000000000000000000000001110000001111000000000000000000000000000000000000000000000000011110000000
0000000000000000000000000000000000000000000000000000000000000001111000000000000000000000000000000000
0000000000000000000000000011100000000000000011110000011000000000000000000000000000000011000000000000
0000000000000000000000001100000000000000000000000000001100000000111100000000000000000000000000000000
0000011000000000000000000000001100000011000000000000000000000000000000000000000011100000000000000000
0000000000000000000000001110000000000000000000000000000000000000000000000000000000000000000000000000
0000000000000001000110000000000000000000000000000000000000110000000000000000000000000000000000000000
0000000000000000000000000000000000000000000000000000000000000000000000000000000000000000000000000000
0000000000000000000000000000000000000000000000000000000000000000000000000000000000000000000000000000
0000000000000000000000000000000000000000000000000000000000000000000000000000000000000000000000000000
0000000000000000000000000000000000000000000000000000000000000000000000000000000000000000000000000000
0000000000000000000000000000000000000000000000000000000000000000000000000000000000000000000000000000
0000000000000000000000000000000000000000000000000000000000000000000000000000000000000000000000000000
0000000000000000000000000000000000000000000000000000000000000000000000000000000000000000000000000000
0000000000000000000000000000000000000000000000000000000000000000000000000000000000000000000000000000
0000000000000000000000000000000000000000000000000000000000000000000000000000000000000000000000000000
0000000000000000000000000000000000000000000000000000000000000000000000000000000000000000000000000000
0000000000000000000000000000000000000000000000000000000000000000000000000000000000000000000000000000
0000000000000000000000000000000000000000000000000000000000000000000000000000000000000000000000000000
0000000000000000000000000000000000000000000000000000000000000000000000000000000000000000000000000000
0000000000000000000000000000000000000000000000000000000000000000000000000000000000000000000000000000
0000000000000000000000000000000000000000000000000000000000000000000000000000000000000000000000000000
0000000000000000000000000000000000000000000000000000000000000000000000000000000000000000000000000000
0000000000000000000000000000000000000000000000000000000000000000000000000000000000000000000000000000
0000000000000000000000000000000000000000000000000000000000000000000000000000000000000000000000000000
0000000000000000000000000000000000000000000000000000000000000000000000000000000000000000000000000000
0000000000000000000000000000000000000000000000000000000000000000000000001111011111111111110000011110
0001110000001110000011110000011101110111101111110111011111111111101110111001111111000001111111101111
0111011100000011100000111001110111011101110011101110000011110111111111110111000001110000001110000011
1100000111011101111000001111000011110000011111110111000000111011101110000001110111011110111011100000
1111011101110111011100000011101110111000000111011101111011101110111011100000011100000111101111111000
0011100000011110000111011111111100001110000001110000011100000011100000111110000111011101110111001110
1110111000000111011101110111101110000011111111111101110111011111111011101110111011100000011101110111
0000001110111011100111011101110111011111111000001111000011100111011100000111100000111000001111000001
1111111111001110111011101110011101110011111110000011110111111110000111111111111011101110000001110111
0111111111111000001111111011110000011111111111000000111011101110011101110111111110000011100000111111
1101110111111100111111110000111100000111011101110011101110111011100111011100000111000000111111101111
0111011100000111001110000000001110000011100000111101110111000001111111101110000011110111111110000111
0011111110111011100000011101110111001110111011101110011101110000011110000011100000111110000111011111
1110000011111111111011110111100001111111011100000011110000111111110111100001111000001111000011110000
0111111101111011101110111111110000011000000000111111110111111101110000001111111111110111011100000111
0011101110000011110111111111000111101110111000001111011101110000011110111011100000111100000111011101
1100111011111110111001110111011101110000001111000011100111011101110111000000111011101111100001110111
0111000000111100001111111111110000011100000111111111111000001111000001111111111110111011101111111001
1111111111111100000011101110111000000111011101110000001110111011100000011100000111000000111000001111
0000011101110111011111111011101110111011100000011111111100000011110000111100000111100001111000001100
1111111011111111111101110111111100000011111110111011110111100001110111101110000011101110111100000111
0000011101111011100000111100001111011101111111111100000011100000111011101111000001110111111100111011
1000001111111101110000011100000111101110111000001111100001110111011110000011100000111000001111000001
1111110111101110111011101110000001110111011101110011101110111111101110111101110000011100000011100000
1110000011111111011110000111111110111011101110111011110111011101110111001110111000001111000001110111
0111000001111111101110111011100111011001110111000000111000001111111011100111111100000111100000111111
1011101110111001110111011101110000011111000011100000111101110111011101110000001110111111100111000000
1110111011101110111000000111101111111000001111000001110111011100000111110000111000001111000001110111
0111110001111011111111111111110011101110011101110111011100000111111110111011101110000011111111011100
0011111000001111111011101111011100011111000001110000111011111111011111110011110000011100000111111110
1111000011101110111101110111011111111000001110000011110000011111111111100000111100001111000011100111
0111011101111000001111111011111111111100000111101111111011111110111111110001111111110111100000111011
1111100000111001110111000111111111101111111111101110111101110111000001111000001110111011110000111001
1111110000011111000011100000111011111110011101110000011110111011100000111011001111100001110000011110
1110111000001111011101110000011100111000000000000111011100111111101110011011100000011111110111011111
1100000011100000111001111111011111111011101110111111100000111101110111011101110011111110000011110111
0111000001110000011110111011101110111001111111000001110110011110000011100000111011110111000001111100
0011100000111100001111000001110111111100000011101111111011110111000111111111101111111111111111111100
0001110000011111000011100000111101110111000001111000011110000011101110111001110111011101110111011110
0000111100001111000001111111111110111011110000111000111111101110000011100111011101110111000000111011
1011101110111001110111000001111111101111000011100000111100000111100001110000001110111011100000111101
1111110111011111111011101110111011101111011101110000011110000011110000111100000111011101110111011100
0000111000001111111001111111111110000111101110111000001111111101111111011101110011100000111000000111
1111011100000111101111111110001111111101110111011100000111111110111000001110000001110000011110000111
0000001110111011100111011101110111000000111011101110000011100000011111111111011110111011101110000011
1000000111011101111000001111000011110000111100000111011101111111001110000011110000111100000111011111
1100000011100000111011101110011101110111011100111011101110111011101111000001111111011100111111100000
1110000001110000011100000111001110111100001110000011110000011100000111100000111000001111011101110000
0111001111111011111110011111110111111110000111111110111000001111011001111111011111111111110000111011
1101110000011110010111100000111011111000011100000111001111111110000111111111110111011100111011101000
1110011111111111011111100111111111111000001111000001111111011110111011100000111101100111011100001111
0000011100111011101110011111111111111101110111001110111000001111111111111111011100111011101110111101
1101110000011110000011101111111101110111000001111000001110000011100011111000000111000001111011101110
1111111101110111110000111111101111000001111000011111110111001111111111101110011111111000000000011101
1100111011100000111101111111111101111111011110111111111111111000000111011101110111001111111011101111
1111000001111111011110111011100000111011111110000001110111011100111011000000111011101110011111110000
0111100000111000001110111111100000011111111111100000111111101110111011110110011101110111001110111011
1011110000011100000111000001111000001110111111111111011110000111111111111011101110000011110111011101
1101110011101110000011100000111100000111011111111011101110111011101111111101111111011110111000001110
1110000001111111011100000011111110111011101111000001110000011100000011110000111111101110011111110111
0111000000111000001110000001110000011110000111001110111000001111011111111000011111111111100000111111
1011101110011101110111000001110000001110000011100000011100000111100001111000001111111011100000011101
1101110000001110111011111110111000000111011101111111011111111011111110111100000111011111110000001110
0000111011101111100001110111011110111011110000111100000111011101110111011110111011101110111000000111
1111011110000011100000111011101111011101110111011100000011100000111011101111011101101110111000001111
1111011100000111000001111000001110000011111111011101110111000000111011101110111011101111011100000111
1000011110111011100000111100000111011101110111001100000011110000111000000111100001110011001110000011
1011101111011101110000011110000011111110111111111111111111111000011110000011101111111000000111000001
1110111111100000111000000111000001110111111110111011101110111000000111000001111000011111000011100000
1110000001110000011100000111001111111000001111111101111111011101110111000000111011101110000011111000
0111000001111000001110000011100000011100000111100000111000001110000011110111111110000111111110111111
1111100000111111110111111111111111111111111111100000011101111111011111111000001111111011100000011100
0001110000001110111111111110111000000111000001110111011100000011101110111011111111011101110000011110
0000111011100000011101110111011110111011101111000011111111011100000111111110111000001111111101110111
0111011111111111001110000011100000011110000111111100110011111111000011111100011100000111100000111100
0011110111111100000111111101111000001111111011100000011110000111111111111011111111111011100000011111
1111110000001110000011101110111100000111011101110000011110000011100000111001111111000001110111111111
0000111111100111000001111000011110000011111110111100001111100001110111011100111111100000111011110111
1111011100000011100000111011101110000001111111011101110111000000111111111110000001110000011101110111
1000001111000011111111011100000111111110111000001111000011110000011111110111001111111000001111111101
1100000111111100111011111110000011110000011100000111011111111100001110000011110000011100000111011110
1111111011100000111100000111111101110011111110111011100000011100000111011101111011101110000011111111
0111111111110000011110111111110000111001111111111101110111101111000011101110111110000111000001110000
0011101110111011100111000001110000011111111011100000111100000111100001110000011100000011100000111000
0001110000011100000111001110111011111111000001111111011110000011101110111011101110011111110111011100
0000111011101111110011100000111100001111000001111000011111111011111110111011100111000001111000011100
1110111000001110000011110000011100000111100000111111101110000001110111011110000111001110111111101110
1110011111110111100001111011101110111011101111011100000111000001111000001110111011100111011101110111
0111011100111011100000111100000011101111111001111111011101110000011110000011110000111000000111011101
1100000011101110111000001111000001111100011111111011100000111100001111011111111000011110000011110000
1111000001100111111101110111000000111000001111000001111000011100000011101110111111101110111111110000
0111000001111011101110000011110111011101110111011100111000001111111111111111111111111111011111111111
1011111110011110000111011101110000001111111011100000111000000111000001111000001110111011101110111000
0001110000011100111111101110111011101110011000000000000000000000000000000000000000000000000000000000
0000000000000000000000000000000000000000000000000000000000000000000000000000000000000000000000000000
0000000000000000000000000000000000000000000000000000000000000000000000000000000000000000000000000000
0000000000000000000000000000000000000000000000000000000000000000000000000000000000000000000000000000
0000000000000000000000000000000000000000000000000000000000000000000000000000000000000000000000000000
0000000000000000000000000000000000000000000000000000000000000000000000000000000000000000000000000000
0000000000000000000000000000000000000000000000000000000000000000000000000000000000000000000000000000
0000000000000000000000000000000000000000000000000000000000000000000000000000000000000000000000000000
0000000000000000000000000000000000000000000000000000000000000000000000000000000000000000000000000000
0000000000000000000000000000000000000000000000000000000000000000000000000000000000000000000000000000
0000000000000000000000000000000000000000000000000000000000000000000000000000000000000000000000000000
0000000000000000000000000000000000000000000000000000000000000000000000000000000000000000000000000000
0000000000000000000000000000000000000000000000000000000000000000000000000000000000000000000000000000
0000000000000000000000000000000000000000000000000000000000000000000000000000000000000000000000000000
0000000000000000000000000000000000000000000000000000000000000000000000000000000000000000000000000000
0000000000000000000000000000000000000000000000000000000000000000000000000000000000000000000000000000
0000000000000000000000000000000000000000000000000000000000000000000000000000000000000000000000000000
0000000000000000000000000000000000000000000000000000000000000000000000000000000000000000000000000000
0000000000000000000000000010000000000000000000000000000000000000000000000000000000000000000000000000
0000000000000000000000000000000000000000000000000000000000000000000000000000000000000000000000000000
0000000000000000000000000000000000000000000000000000000000000000000000000000000000000000000000000000
0000000000000000000000000000000000000000000000000000000000000000000000000000000000000000000000000000
0000000000000000000000000000000000000000000000000000000000000000000000000000000000000000000000000000
0000000000000000000000000000000000000000000000000000000000000000000000000000000000000000000000000000
0000000000000000000000000000000000000000000000000000000000000000000000000000000000000000000000000000
0000000001000000000000000000000000000000000000000000000000000000000000000000000000000000000000000000
0000000000000000000000000000000000000000000000000000000000000000000000000000000000000000000000000000
0000000000000000000000000000000000000000000000000000000000000000000000000000000000000000000000000000
0000000000000000000000000000000000000000000000000000000000000000000000000000000000000000000000000000
0000000000000000000000000000000000000000000000000000000000000000000000000000000000000000000000000000
0000000000000000000000000000000000000000000000000000000000000000000000000000000000000000000000000000
0000000000000000000000000000000000000000000000000000000000000000000000000000000000000000000000000000
0000000000000000000000000000000000000000000000000000000000000000000000000000000000000000000000000000
0000000000000000000000000000000000000000000000000000000000000000000000000000000000000000000000000000
0000000000000000000000000000000000000000000000000000000000000000000000000000000000000000000000000000
0000000000000000000000000000000000000000000000000000000000000000000000000000000000000000000000000000
0000000000000000000000000000000000000000000000000000000000000000000000000000000000000000000000000000
0000000000000000000000000000000000000000000000000000000000000000000000000000000000000000000000000000
0000000000000000000000000000000000000000000000000000000000000000000000000000000000000000000000000000
0000000000000000000000000000000000000000000000000000000000000000000000000000000000000000000000000000
0000000000000000000000000000000000000000000000000000000000000000000000000000000000000000000000000000
0000000000000000000000000000000000000000000000000000000000000000000000000000000000000000000000000000
0000000000000000000000000000000000000000000000000000000000000000000000000000000000000000000000000001
1000000000000000000000000000000000000000000000000000000000000000000000000000000000000000000000000000
0000000000000000000000000000000000000000111111000001111111100000111000001000000000000000000000000011
1000000000000000000001100000011000000000000000000000000000000000000000000000000000000000000000000000
0000000000000000000000000000000000000000000000000000000000000000000000000000000000000000000000000000
0000000000000000000000000000000000000000000000000000000000000000000000000000000000000000000000000000
0000000000000000000000000000000000000000000000000000000000000000000000000000000000000000000000000000
0000000000000000000000000000000000000000000000000000000000000000000000000000000000000000000000000000
0000000000000000000000000000000000000000000000000000000000000000000000000000000000000000000000000000
0000000000000000000000000000000000000000000000000000000000000000000000000000000000000000000000000000
0000000000000000000000000000000000000000000000000000000000000000000000000000000000000000000000000000
0000000000000000000000000011111100000000000000000000000000000100011111100000000000000000000000000000
0000000000000000000000000000000000000000000000000000000000000000000000000000000000000000000000000000
0000000000000000000000000000000000000000000000000000000000000000000000000000000000000000000000000000
0000000000000001000000000000000000000000000000000000000000000000000000000000000000000000000000000000
0000000000000000000000000000000000000000000000000000000000000000000000000000000000000000000000000000
0000000000000000000000000000000000000000000000000000000000000000000000000000000000000000000000000000
0000000000000000000000000000000000000000000000000000000000000000000000000000000000000000000000000000
0000000000000000000000000000000000000000000000000000000000000000000000000000000000000000000000000000
0000000000000000000000000000000000000000000000000000000000000000000000000000001111000001110111011110
0000111100001110000001111111011110000111101110111000001111000001110111111100000011101111111110000111
1000011100000011100000111000000111011110111100001110111011110111011100000011100000111100000111100001
1100000011111110111001110111011101111000001111111111101111111100000111011111111011101111111011110111
0111011101111000001110000011110000011100000011110000111111110111000001110111111110000011110000111100
0001110111111100000011100000111100000111011101111011111111111111100000011101110111001110111000001110
0111111101110111001110111011101110011101110000011110111011111110111000001111000001111111111110111011
1011101110000001110111011100111011100000111000000111100001110000001110111011100000011100000111100000
1110111111110000011101110111100000111111101111011111110000011100111111101110111000000111011101110000
0011101110111001110111011101110000001110000011100111011100000111100000111100001111111111111100011110
0000111000001111000001110000011111000011101110111001110111111101110000001110111011100111011100000111
1011111110111011111111011111110111011101111000001110111111100000011101110111001111111011101110011111
1100000111100000111011101110000001111000011110000011110000111101110111101110111011111111011101110111
1111110000111011111111000001111111011110111011100000111001111111111111111000001110111011110000011101
1101110000001110111011100111011101110111000000111000001111011111110111011110111111100000111000000111
0111011111111111101111111001110111000001111000001111111011101111111110000111011100000000000001110000
0111000000111011101110000001110111011100000011101110111000000111011101110011111110000011110111011101
1111111011101110111011100000011100000111100000111100001111111111110000011100111111111111111000000111
0111011110000011110000111101110111100001110000001110000011100000011101110111011110111011101110000001
1101110111111110111000001110111111110111011100000111001110111000001111111111110000011110111111100000
1111011101111000011100111011100000111000000111011101110011101110111011100111011101111111100000111011
1110111101101110000011100111011111110111111110111011101110001101110000011110010011101111111100000111
1111011101111111001111111000001111111111111000001111000111110110011100000111000001111011111111111111
1101111111100001110011111111000011100111111101111111101111111011101110000001110000011110000011110000
1110000001110000011100000111110000111001111111011111110011111110111111111000111101111111111111110000
0011101110111100000111011101111100001110000011110111011111001111000000111011101111011101110000011110
0000111011101110000001110111011110111011111000111101110111000001111100001110111111110000011100000111
1011111110000011110000011100000011110000111011101111011111110111111110000011111111111101111111111111
1111111011111110111000111111100001110000011100000011111110011100000111101110111111101110111011110111
0111011101110011101110000011110000011111111111100000111011111110011101110111011100111111100000111110
0001110111011100111011100000111100000111011101110011111110111011100111111100000111000000111100001111
1111111101110111000001111011111110000011110000011101111111101110111000001111011111110000011100000011
1111111111000001110000011110000011100000111001111111100001111011111110111011100111111101111111111110
0000111111111111011101110000011110111011100000111110000111011101110011111110000011100000011110000111
0111011110111111100000111100000111000001111111101110000011110111011101110111001110111000001111000001
1110000111111110111000001111000001111000011100111111101111111000000111011101110111111110000010000001
1110111011100111111101110111000000111011101110000001110111011100000011101110111000000111011101110011
1011101111111101110111000001111100001110111111111000011100111111100000111000001111000001110111011100
1110111000001111011101111000011110000011100000111100000111011101110000001110111101110000011101111011
1011101110111111110000011110000111111110111011101110000001110000011101110111101111111011101110011101
1100000111111111111111101110111011110000011101110111000000111000001111111001110111011101110111000000
1110011000111111110111011101110000011110110011110000111101110111011101110000001110111011111110111100
0001111111111101111011100000111100001111000001110111111110000011110000111110000111000001110000011110
1110111011101110111101110111011100000111100000111011111110000001110000011111111111100000111000001111
0000011100000111111110111011101110111011100111011101110111000000111011101110111011110111011101110111
1111111110111011100000011001110111011101110000001110111011101110011100000111111101110011111111000011
1000000111100001110000011111000011101110111100000111111101110111001110111011100000111100000111000001
1110111111101110111001111111000001110111011110111011100000111111110111011101111000011110111111110000
1110011111111000011100000011100000111000001110011111111000011111111011111110111000000111011101110111
0111000000111000001110000001110111011101110111000000111011101110011111110111111110000111001110111000
0011110000011100000111011100110011111110000011110111111101110111000000111011101110111011110111011101
1101111000001111111111100000011110000111000001110000001110111011101110011100000111111111111000001110
0000111000000111100001111111111111000011101110111110000111000001110111111110000011100000011101110111
0000011110000011111111111111111110000011111000011110000111011101111000001110111011100111011100000111
1111101111000011111111011101110111000001110011111110000011100111011100000111011101111011001110000011
1111110111011101110000001110000011101111011000000111111101110000001110111011101110011101110111011101
1110000011110000111111110111000001111111111110111000001111000011110111011100000111011101111011101110
1110111001110111011101111000011110111011101110111001110111000001111111011110111111110000111001110111
0111011100111011101110111000000111011101110111111111000011101111111001111111000001110111011100111011
1011101110111101110111011101111111001110111011101110111001110111011101110111000000111100001110011001
1100000111011101110011101110011111111111111111111011110000111001111111011101110111011110000011110000
1110011101110000011100111111111100000011100000111101111111000001110000001111000011101110111001110111
0000011110000111000000111111111111100001111111111100111011101110111111101110011101110111011100000011
1000001110000011100111011101110111000000111011101110000001110111011100000111111110111011101110011101
1101110111000000111011101110111011110111011111110111001110111011101110011111111000011110000011100000
1110111011110000011111111111000000111100111011101110000001110000011101110111001110111011111110000001
1101110111000001111000001110000011100000011111110111011101110000001111111011111111011101110111000001
1110000011101111111100000111100001111111101110111111100000111000000111000001111000001100010111111110
0000111011101110111001111000011100000111101110111011101110111011110000011100000111101110111000001111
0000011111111111000001110000001110000011111110011001110111011101110000001110000011100000011100000111
0000011110000011100000111000000111111111110000011110111011111110111001110111000001111111001100000011
1100001111000001110000011100000111100000111000001111000001110000011100000011101110111000001111111101
1101110111000000111011101111111001111111011101110111000000111111101110111001110000011101111111100000
1111100000111101100111111101111000001110111011100000111100000111011101110000001111000011101111111100
0001111111111100000011110000111100000111011101110111011100000011101110111100000111111111111111001110
0000111100001111000001110111011100000011100000111000000111000001111111011110110011110000111100000111
0111011101110011101110111100001111000001110111011100111111110000111011100111111101110000011110111011
1000001111111101110111011101110011100000111010000001111000011100000111111110111011101110000001110000
0111011110111000001111000011110000011100000111100000111100111000001111000001110000011101111011101111
1110000011110111011100000111111100111011101111111011100111011100000111011100111011101110000011110000
0111110001111000001110111111111110111001111111000001111000001110111011110000111110000111000001111000
0011100000111111101111000001110111011110000011101110111111111111111110000001110111011110000111001110
1110111011100111111100000111000000111000001111111111110111111111111111101100111011101110000011111000
0111011101110011101110111011100000011100000111100001110000001110111011100000011101110111000001111000
0011110000111001111111000001111000011111111111110000111100000111000001110000001110111011101111111000
0001110000011100000011100000111100001111011111111111111110111111100000111100000111011111111000011101
1100110011101110111001100000011101110111101110111011101110111101110111011101110111001111100000111000
0001110111011100000111101100111011101110111101110000011101110111101110111011111111000001111111011111
1101111111101110000011110111011101111111011111111011101110000011100111011111110111000000111000001110
1110111100000111011101111011101110111011100000111111110111000001111111001110000011110000111111110111
1000011110111011101111111000000111000001110111001110000011110000111001111111111111110111101110111011
1011111111000001111111011100111111100000111011110111111111111000011100000011101111111011110111111001
1110000011101110111111101110011101110111011100000011100000111011101111000001110000011100000011100000
1111000011110111011100000111110000111011101110000011111000011110000111000000111000001111111101110000
0111011101110000001110111011100000011100000111011101111100001110111111110111011100000111000000111011
1011101111111111110111011101110111101110111011101110111100000111100001110000001110000011110000111000
0001111000011110000011100000111011100111011101110111011100111011100000111111101110000001110111011110
1110111011111110111101110111011100000111000000111000001111111101110111011100000011100000111000001111
0111011101110111011101110011101110000011110111011101110111011101110011111111111111100001110000011100
0000111011101110000001110000011111000111101110000111000000000000000000000000001111000000000000000000
0000000000000000000000000000000000000000000000000000000000000000000000000000100001000000000000000000
0000000000000000000000000000000000000000000000000000000001100000000000000000000000000000000000000000
0000000000000000000000000000000000000000000000000000000000110011000000000000000000000000000010001000
0000000000000000000000000000000000000000000000000000000000000000000000000000000000000000000000000000
0000000000000000000010001000010000000000000000000000000000000000000000000000000000000000000000000000
0010000011000000000000000000000000000000000000000000000000000000000000000000000000000000000000000000
0000000000000000000000000000000000000000000000000000000000000000000000000000000000000000000000001101
1100000000000000000000001111000000000000000000000000000000000000000000000000000000000000000000110000
0000000001100000000000011110000000000000000000000000000000000011100000000000000000000000000000000000
01011100000000000000000000000000000000000000000000000000000000000000000000000000