Samples:
KEY:
1110010101010001010101010101010101010101010101010101010101010101010101010101010101010101010101010101
0101010101010101010101010101010101011010101010101010101010101010101010101010101010101010101010101010
1010101010101010101010101010101010101010101010101010101010101010101010101010101010101010101010101010
1010101010101010101010101010101010101010101010101010101010101010101010101010101010101010101011010101
0101010101010101010101010101010101010101010101010101010101010101010101010101010101010101010101010101
0101010101010100101010101010101010101010101010101010101010101010101010101010101010101010101010101010
1010101010101010101010101010101010101000101010101010101010101010101010101010101010101010101010101010
10101010101010101010101010101010101010101011010101010101010010101010101010101010101010101010100???00
1010101010101010101010101010101010101010101010101010101010101010101010101010101101010101011101010110
1110101011011110111111010101110?????????????????????????????????????????????????????????????????????
????????????????????????????????????????????????????????????????????????????????????????????????????
????????????????????????????????????????????????????????????????????????????????????????????????????
????????????????????????????????????????????????????????????????????????????????????????????????????
????????????????????????????????????????????????????????????????????????????????????????????????????
????????????????????????????????????????????????????????????????????????????????????????????????????
????????????????????????????????????????????????????????????????????????????????????????????????????
????????????????????????????0???10101010101010110101010101010101010001010101010101010101010101010101
0101010101010101010101010101010101010101010101010101010101010101010101010101010101010101001010101101
010101010100110111011110101010101010101010101110101010101010100??10011010101010101010101010101010101
0101010101101010101010110111011101010101011011111110010101010101010110101010101010111101010101011010
1101010110111111111101010101110110010101010101101010101010110111111010101010100111010110101010101110
111011101010101100100101111011010011111011010110001001?01011001?010111110101110010101010101100101000
1?11000101101001010101010101010101010101010101010101010101010101010101010101010101010101010101010101
0101010101010101010101010101010101010101010101010101010101010101010101010101010101001010101010101010
1010101010101010101010101010101010101010101010101010101010101010101000101010101010101010101010101010
1010101010101010101010101010101010101010101010101010101010101010101010101010101010101010101010101010
1010101010101010101010101010101010001010101010101010101010101010101010101010101010101010101010101010
1010101010101010101010101010101010101010101010101010101010101010101010101010101010101010101010101010
1010101010101010101010101010101010101010101010101010101010101010101010101010101001010101010101010101
0101010101010101010101010101010101010101010101010101010101010101010101010101010101010101010101010101
0101101010101010101010101010101010101010101010101010101010101010101010101010101010101010101010101010
1010101010101010101010101010101010101010101010101010101010101010101010101010101010101010101010101010
1010101010101010101010101010101010101010101010101001010101010101010101010101010101010101010101010101
0101010101010101010101010101010101010101010101010101010101010101010101010001010101010101010101010101
0101010101010101010101010101010101010101010101010101010101010101010101010101010101010101010101010010
1010101010101010101010101010101010101010101010101010101010101010101010101010101010101010101010101010
1010101010101010101001010101010101010101010101010101010101010101010101010101010101010101010101010101
0101010101010010101010101010101010101010101010101010101010101010101010101010101010101010101010101010
1010101010101010101010101010101010101010101010101010101010101010101010101010101010101010101010101010
1010101010101010101010101010101010101010101010101010101010101010101010101010010101010101010101010101
0001010101010101010101010101010101010101010101010101010101010101010101010101010101010101010101010101
0101010101010101010101010010101010101010101010101010101010101010101010101010101010101010101010101010
1010101010101010101010101010101010101010101010101010101010101010101010101010101010101010101010101010
1010101010101010101010101010101010101010101010101010101010101010101010100101010101010101010101010101
0101010101010101010101010101010101010101010101010101010101010101010101010101010101010101010101001010
1010101010101010101010101010101010101010101010101010101010101010101010101010101010101010101010101010
1010101010101010101001010101010101010101010101010101010101010101010101010101010101010101010101010101
0101010101010101010101010101010101010101010001010101010101010101010101010101010101010101010101010101
0101010101010101010101010101010101010101010101010101010101010101010101010101010101010101010101010101
0101010101010101010101010101010101010101010101010101010101010101010101010101010101010101010101010101
0101010101010101010101010101010101010101010101010101010101010101010101010101010101010101010101010101
0101010101010101010101010010101010101010101010101010101010101010101010101010101010101010101010101010
1010101010101010101010101010101010101010101010101010101010101010101010101010101010101010101010101010
1010101010101010101010101010101010101010101010101010101010101010101010001010101010101010101010101010
1010101010101010101010101010101010101010101010101010101010101010101010101010101010101010100101010101
0101010101010101010101010101010101010101010101010101010101010101010101010101010101010101010101010101
0101010101010101010101010101010101010101010101010101010101010101010101010101010101010101010101010101
0101010101010101010101010101010101010010101010101010101010101010101010101010101010101010101010101010
1010101010101010101010101010101010101010101010101010101010101010101010101010101010101010101010101010
1010101010101010101010101010101010101010101010101010101010101010101010101010101010101010101010101010
1010101010101010101010101010101010101010101010101010101010101010101010101010101010101010101010101010
1001010101010101010101010101010101010101010101010101010101010101010101010101010101010101010101010101
0101010101010101010101010101010101010101010101010101010101010101010101010101010101010101010101010101
0101010101010101010101010101010101010101010101010101010101010101010101010101010101010101010101010101
0101010101010101010101010101010101010101010101010111011010101010101010101010101010101010101010101010
1010101010101010101010101010101010101010101010101010101010101011010101010101011110101010101011101010
1010010101010101010010010101010101011011110101001011010101110101011011101001010101010101010101010101
0101001010101010101010101010101010101010101010101010101010101010101010101010101010101010101010101010
1010101010101010101010101010100101010101010101010101010101010101010101010101010101010101010101010101
0101010101010101010101010101010101010101010101010101000101010101010101010101010101010101010101010101
0101010101010101010101010101010101010101010101010101010101010101010101010100101010101010101010101010
1010101010101010101010101010101010101010101010101010101010101010101010101010101010101010101010101010
0101010101010101011010101010101010101010101010101010101010101010101010101010101010101010101010101010
1010101010101010101010010101010101010101010101010101010101010101010101010101010101010101010101010101
0101010101010001010101010101010101010101010101010101010101010101010101010101010101010101010101010101
0101010101010101010101010101010101010101010101010101010101010101010101010101010010101010101010101010
1010101010101010101010101010101010101010101010101010101010101010101010101010101010101010101010101010
0101010101010101010101010101010101010101010101010101010101010101010101010101010101010101010101010101
0101010101010101010101000101010101010101010101010101010101010101010101010101010101010101010101010101
0101010101010101010101010101010101010101010101001010101010101010101010101010101010101010101010101010
1010101010101010101010101010101010101010101010101010101010101010101010100101010101010101010101010101
0101010101010101010101010101010101010101010101010101010101010101010101010101010101010101010101000101
0101010101010101010101010101010101010101010101010101010101010101010101010101010101010101010101010101
0101010101010101010010101010101010101010101010101010101010101010101010101010101010101010101010101010
1010101010101010101010101010101010101010100101010101010101010101010101010101010101010101010101010101
0101010101010101010101010101010101010101010101010101010101010010101010101010101010101010101010101010
1010101010101010101010101010101010101010101010101001010101010101010101010101010101010101010101010101
0101010101010101010101010101010101010101010101010101010101010101010101010101010101010101010101010101
0101010101010100101010101010101010101010101010101010101010101010101010101010101010101010101010101010
1010101010101010101010101010101010101000101010101010101010101010101010101010101010101010101010101010
1010101010101010101010101010101010101010101010101010101010010101010101010101010101010101010101010101
0101010101010101010101010101010101010101010101010101010101010101010101010101010100101010101010101010
1010101010101010101010101010101010101010101010101010101010101010101010101010101010101010101010101010
1010010101010101010101010101010101010101010101010101010101010101010101010101010101010101010101010101
0101010101010101010101010101001010101010101010101010101010101010101010101010101010101010101010101010
1010101010101010101010101010101010101010101010101001010101010101010101010101010101010101010101010101
0101010101010101010101010101010101010101010101010101010101010101010101010101010101010101010101010101
0101010101010101010101010101010101010101010101010101010101010101010101010101010101010101010101010010
1010101010101010101010101010101010101010101010101010101010101010101010101010101010101000101010101010
1010101010101010101010101010101010101010101010101010101010101010101010101010101010101010101010101010
1010101010101010101010101010101010101010101010101010100101010101010101010101010101010101010101010101
010101010101010101010101010101010101010101010101010110?01???????????????????????????????????????????
????????????????????????????????????????????????????????????????????????????????????????????????????
????????????????????????????????????????????????????????????????????????????????????????????????????
????????????????????????????????????????????????????????????????????????????????????????????????????
????????????????????????????????????????????????????????????????????????????????????????????????????
????????????????????????????????????????????????????????????????????????????????????????????????????
????????????????????????????????????????????????????????????????????????????????????????????????????
??????????????????????????????????????????????????????1010101001010111101111010101010101010101010101
0101010101010101010101010101010101010101010101010101010101010101010101010101010101101010101010101010
1010100101010101010111010101111010111010110111111111111010101010101010101010101010101010101010101010
1010101010101010101010101010101010101010101010101010101010101010101010101010101010101010101010101010
1010101010101010100101010101010101010101010101010101010101010101010101010101010101010101010101010101
0101010101010101010101010101010101010101000101010101010101010101010101010101010101010101010101010101
0101010101010101010101010101010101010101010101010101010101010101001010101010101010101010101010101010
1010101010101010101010101010101010101010101010101010101010101010101010101010101010101010001010101010
1010101010101010101010101010101010101010101010101010101010101010101010101010101010101010101010101010
1010101010100101010101010101010101010101010101010101010101010101010101010101010101010101010101010101
0101010101010101010101010101010101010010101010101010101010101010101010101010101010101010101010101010
1010101010101010101010101010101010101010101010101010101010101001010101010101010101010101010101010101
0101010101110111101110101011010101010101010101011011010101010010101010101000101010101010101010101010
1010101010101010101010101010101010101010101010101010101010101010101010101010101010101010101001010101
0101010101010101010101010101010101010101010101010101010101010101010101010101010101010101010101010101
010101011010101010101010100101010101111101101010101010101010101001101010100111101010101101011?010101
0101010101010101010101010101010101010101010101010101010101010101010101010101010101010101010101010101
0101010101010101010101010101010101010101010100101010101010101010101010101010101010101010101010101010
1010101010101010101010101010101010101010101010101010101010101010101010010101010101010101010101010101
0101010101010101010101010101010101010110101010101010101010101010101010101010101010101010101001010101
0101010101010101010101010101010101010101010101010101010101010101010101010101010101010101010101010101
0101010101010100010101010101010101010101010101010101010101010101010101010101010101010101010101010101
0101010101010101010101010101010101010101010101010101010101010101010101010101010101010101010101010101
0101010101010101010101010101010101010101010101010101010101010101010101010101010101010101010101010101
0101010101010101010101010101010101010101010101010101010101010101010101010101010101011010101010101010
1010101010101010101010101010101010101010101010101010101010101010101010101010101010101010101010101010
1010101101010101010101010101010101010101010101010101010101010101010101010101010101010101010101010100
1010101010101010101010101010101010101010101010101010101010101010101010101010101010101010101010101010
1010101010101010101010101010101010101010101010101010101010101010101010101010101010101010101010101010
1010101010101010101010101010101010101010101010101010101010101010101010101010101010101010100101010101
0101010101010101010101010101010101010101010101010101010101010101010101010101010101010101010101010101
0101010101010100101010101010101010101010101010101010101010101010101010101010101010101010101010101010
1010101010101010101010101010101010101001010101010101010101010101010101010101010101010101010101010101
0101010101010101010101010101010101010101010101010101010101001010101010101010101010101010101010101010
1010101010101010101010101010101010101010101010101010101010101010101010101010101010100101010101010101
0101010101010101010101010101010101010101010101010101010101010101010101010101010101010101010101010101
0101010001010101010101010101010101010101010101010101010101010101010101010101010101010101010101010101
0101010101010101010101010101010101010101010101010101010101010101010101010101010101010101010101010101
0101010101010101010101010101010101010101010101010101001010101010101010101010101010101010101010101010
1010101010101010101010101010101010101010100010101010101010101010101010101010101010101010101010101010
1010101010101010100101010101010101010101010101010101010101010101010101010101010101010101010101010101
0101010100101010101010101010101010101010101010101010101010101010101010101010101010101010101010101010
1010101010101010101010101010101010101010101010101010101010101010101010101010101010101010101010101010
1010101010101010101010101010101010101010101010101010101010010101010101010101010101010101010101010101
0101010101010101010101010101010101010101010101010101010101010101010101010101010100010101010101010101
0101010101010101010101010101010101010101010101010101010101010101010101010101010101010101010101010101
0101010101001010101010101010101010101010101010101010101010101010101010101010101010101010101010101010
1010101010101010101010101000101010101010101010101010101010101010101010101010101010101010101010101010
1010101010101010101010101010101010101010101010101010101010101010101010101010101010101010101010101010
1010101010101010101010101010101010101010101010101010101010101010101010101010101010101010101010101010
1010101010101010101010101010101010101010101010101010101010101010101010101010101010101010101010100101
0101010101010101010101010101010101010101010101010101010101010101010101010101010101010010101010101010
1010101010101010101010101010101010101010101010101010101010101010101010101010101010101010101010101010
1010101010101010101010101010101010101010101010101010101010101010101010101010101010101010101010101010
1010101010101010101010101010101010101010101010101010101010101010101010101010010101010101010101010101
0101010101010101010101010101010101010101010101010101010101010101010101010101010101010101010101010101
0010101010101010101010101010101010101010101010101010101010101010101010101010101010101010101010101010
1010101010101010101010101001010101010101010101010101010101010101010101010101010101010101010101010101
0100101010101010101010101010101010101010101000101010101010101010101010101010101010101010101010101010
1010101010101010101010101010101010101010101010101010101010101010101001010101010101010101010101010101
0101010101010101010101010101010101010101010101010101010101010101010101010101010101010101010001010101
0101010101010101010101010101010101010101010101010101010101010101010101010101010101010101010101010101
0101010101010101010101010101010101010101010101010101010101010101010101010101010101010101010101010101
0101010101010101010101010101010101010010101010101010101010101010101010101010101010101010101010101010
1010101010101010101010101010101010101010101010101010101010101010101010101010101010101010101010101010
1010101010101010101010101010101010101010101010101010101010101010101010101010101010101010101010101010
1010101010101010101010101010101010101010101010101010101010101010101010101010101010101010101010101010
1010101010101010010101010101010101010101010101010101010101010101010101010101010101010101010101010101
0101010101010101010101010101010101010101001010101010101010101010101010101010101010101010101010101010
1010101010101010101010101010101010101010101010101010101010101010100101010101010101010101010101010101
0101010101010101010101010101010101010101010101010101010101010101010101010101010101010101000101010101
0101010101010101010101010101010101010101010101010101010101010101010101010101010101010101010101010101
0101010101010001010101010101010101010101010101010101010101010101010101010101010101010100101010101010
1010101010101010101010101010101010101010101010101010101010101010101010101010101010101010101010101010
1010101010101010101010101010101010101010101010101010101010101010101010101010101010101010101010101010
1010101010101010101010101010101010101010101010101010101010101010101010101010101010010101010101010101
0101010101010101010101010101010101010101010101010101010101010101010100101010101010101010101010101010
1010101010101010101010101010101010101010101010101010101010101010101010101010101010101010101010101010
1010101010101010101010101010101010010101010101010101010101010101010101010101010101010101010101010101
010101010101010101010101010101010101010101010101010101010?001010101010101010101010101010101010101010
1010101010101010101010101010101010101010101010101010101010101010101010101010101010100101010101010101
0101010101010101010101010101010101010101010101010101010101010101010101010101010101010101010101010101
0101010101010101010101010101010101010101010101010101010101010101010101010101010101010101010101010101
0101010101010101010101010101010010101010101010101010101010101010101010101010101010101010101010101010
1010101010101010101010101010101010101010101010101010101001010101010101010101010101010101010101010101
0101010101010101010101010101010101010101010101010101010101010101010101010101010100101010101010101010
1010101010101010101011??????????????????????????????????????????????????????????????????????????????
????????????????????????????????????????????????????????????????????????????????????????????????????
????????????????????????????????????????????????????????????????????????????????????????????????????
????????????????????????????????????????????????????????????????????????????????????????????????????
????????????????????????????????????????????????????????????????????????????????????????????????????
????????????????????????????????????????????????????????????????????????????????????????????????????
????????????????????????????????????????????????????????????????????????????????????????????????????
?????????????????????????11??1101010?10101111?111101010101011010101010101010101010101010001010101010
10101010101010101010101010101?1110101010101010101111010101010101010101010010101010101010101110111111
0101010101110110111101101010101010101010101010101010101010101010101010101010101010101010101010101010
1010101000101010101010101010101010101010101010101010101010101010101010101010101010101010101010101010
1010101010101010101010101010101001010101010101010101010101010101010101010101010101010101010101010101
0101010101010101010101010101010101010101010101010101010100101010101010101010101010101010101010101010
1010101010101010101010101010101010101010101010101010101010101010101010101010101001010101010101010101
0101010101010101010101010101010101010101010101010101010101010101010010101010101010101010101010101010
1010101010101010101010101010101010101010101010101010101010101010101010101010101010101010101010101010
1010101010101010101010101010101010101010101010101010101010101010101010101010101010101010101010101010
1010101010101010101010101010101010101010101010101010101000101010101010101010101010101010101010101010
10101010101010101010101010101010101010101010101010101010101010101011?1011110111110101011010101010101
0101010110101010101010101010101010101010101010110101010101010101010101010101110101010101010001101010
101010101010101101010101010101010101011001010101010001110101010101101010101010101011011000101?010100
1011010101010101011001110101010101010101010101010101010101010101010101010101010101010101010101010101
0101000101010101010101010101010101010101010101010101010101010101010101010101010101010101010101010101
0101010101010101010101010101010101010101010101010101010101010101010101010101010101010101010101010101
0101010101010101010101010101010101010101010101010100010101010101010101010101010101010101010101010101
0101010101010101010101010101010101010101010101010101010101010101010101010100101010101010101010101010
1010101010101010101010101010101010101010101010101010101010101010010101010101010101010101010101010101
0101010101010101010101010101010101010101010101010101010101010101010101010101010101010101010101010101
0101010101010101010101010101010101010101010101010101010101010101010101010101010101010101010101010101
0101010101010101010101010101010101010101010101010101010010101010101010101010101010101010101010101010
1010101010101010101010101010101010101010101010101010101010101010101010101010101001010101010101010101
0101010101010101010101010101010101010101010101010101010101010101010101010101010101010101010101010101
0100101010101010101010101010101010101010101010101010101010101010101010101010101010101010101010101010
1010101010101010101010101000101010101010101010101010101010101010101010101010101010101010101010101010
1010101010101010101010101010101010101010101010101000101010101010101010101010101010101010101010101010
1010101010101010101010101010101010101010101010101010101010101010101010101001010101010101010101010101
0101010101010101010101010101010101010101010101010101010101010101010101010101010101010101010101010001
0101010101010101010101010101010101010101010101010101010101010101010101010101010101010101010101010101
0101010101010101010100101010101010101010101010101010101010101010101010101010101010101010101010101010
1010101000101010101010101010101010101010101010101010101010101010101010101010101010101010101010101010
1010101010101010101010101010101010101010101010101010101010101010101010101010010101010101010101010101
0101010101010101010101010101010101010101010101010101010101010101010101010101010101010101010101010100
0101010101010101010101010101010101010101010101010101010101010101010101010101010101010101010101010101
0101010101010101010101001010101010101010101010101010101010101010101010101010101010101010101010101010
1010101010101010101010101010101010101010101010101010101010101010101010101010101010101010101010101010
1010101010101010101010101010101010101010101010101010101010101010101001010101010101010101010101010101
0101010101010101010101010101010101010101010101010101010101010101010101010101010101010101010101010101
0101010101010101010101010101010101010101010101010101010101010101010101010101010101010101010101010101
0101010101010100101010101010101010101010101010101010101010101010101010101010101010101010101010101010
10101010101010101010101010101010101010?1010101010101010101010101010101010101010101010101010101010101
0101010101010101010101010101010101010101010101010101010101010101010101010101010101010101010101010101
0101010101010101010101010101010101010101010101010001010101010101010101010101010101010101010101010101
0101010101010101010101010101010101010101010101010101010101010101010101010101010101010101010101010101
0101010101010101001010101010101010101010101010101010101010101010101010101010101010101010101010101010
1010101010101010101010101010101010101010010101010101010101010101010101010101010101010101010101010101
0101010101010101010101010101010101010101010101010101010101010101001010101010101010101010101010101010
1010101010101010101010101010101010101010101010101010101010101010101010101010101010101001010101010101
0101010101010101010101010101010101010101010101010101010101010101010101010101010101010101010101010101
0101010001010101010101010101010101010101010101010101010101010101010101010101010101010101010101010101
0101010101010101010101010101010010101010101010101010101010101010101010101010101010101010101010101010
1010101010101010101010101010101010101010101010101010101010101010101010101010101010101010101010101010
1010101010101010101010101010101010101010101010101010101010101010101010101010101010101010101010101010
1010101010101010101010101010101010101010101010101010101010101010101010101010101010101010101010101010
0101010101010101010101010101010101010101010101010101010101010101010101010101010101010101010101010101
0101010101010101010101010101010101010101010101010101010101010101010101010101010101010101010101010101
0101010101010101010101010101010101010101010101010101010010101010101010101001010101010101010101010101
0101010101010101010101010101010101010101010101010101010101010101010101010101010010101010101010101010
1010101010101010101010101010101010101010101010101010101010101010101010101010101010101010101010101010
1000101010101010101010101010101010101010101010101010101010101010101010101010101010101010101010101010
1010101010101010101010101001010101010101010101010101010101010101010101010101010101010101010101010101
0101010101010101010101010101010101010101010101010010101010101010101010101010101010101010101010101010
1010101010101010101010101010101010101010101010101010101010101010101010110101010101010101010101010101
0101010101010101010101010101010101010101010101010101010101010101010101010101010101010101010100010101
0101010101010101010101010101010101010101010101010101010101010101010101010101010101010101010101010101
0101010101010100010101010101010101010101010101010101010101010101010101010101010101010101010101010101
0101010101010101010101010101010101001010101010101010101010101010101010101010101010101010101010101010
1010101010101010101010101001010101010101010101010101010101010101010101010101010101010101010101010101
0101010101010101010101010101010101010101010101010101010101010101010101010101010101010101010010101010
1010101010101010101010101010101010101010101010101010101010101010101010101010101010101010101010101010
1010101010100101010101010101010101010101010101010101010101010101010101010101010101010101010101010101
0101010101010101010101010101010100010101010101010101010101010101010101010101010101010101010101010101
0101010101010101010101010101010101010101010101010101010100101010101010101010101010101010101010101010
1010101010101010101010101010101010101010101010101010101010101010101010101010101000101010101010101010
1010101010101010101010101010101010101010101010101010101010101010101010101010101010101010101010101010
1010010101010101010101010101010101010101010101010101010101010101010101010101010101010101010101010101
0101010101010101010101010100010101010101010101010101010101010101010101010101010101010101010101010101
0101010101010101010101010101010101010101010101010100101010101010101010101010101010101010101010101010
1010101010101010101010101010101010101010101010101010101010101010101010101001010101010101010101010101
0101010101010101010101010101010101010101010101010101010101010100101010101010101010101010101010101010
1010101010101010101010101010101010101010101010101010101010101010101010101010101010101010101010101010
1010101010101010101010101010101010101010101010101010101010101010101010101010101010101010101010101010
1010101010101010101010101010101010101010101010101001010101010101010101010101010101010101010101010101
0101010101010101010101010101010101010101010101010101010101010101010101010100101010101010101010101011
????????????????????????????????????????????????????????????????????????????????????????????????????
????????????????????????????????????????????????????????????????????????????????????????????????????
????????????????????????????????????????????????????????????????????????????????????????????????????
????????????????????????????????????????????????????????????????????????????????????????????????????
????????????????????????????????????????????????????????????????????????????????????????????????????
????????????????????????????????????????????????????????????????????????????????????????????????????
????????????????????????????????????????????????????????????????????????????????????????????????????
???11??110?11110101011011?10101011010100010101010101010101010101010101010101010101010101010101010101
0101010101010101010101010101010101010101010101010100101010101010101010110110101010101011011111101011
1011010101010101010101010101010101010101010101010101010101010101010101010101010101010101010101010101
0101001010101010101010101010101010101010101010101010101010101010101010101010101010101010101010101010
1010101010101010101010101010001010101010101010101010101010101010101010101010101010101010101010101010
1010101010101010101010101010101010101010101010101010001010101010101010101010101010101010101010101010
1010101010101010101010101010101010101010101010101010101010101010101010101010010101010101010101010101
0101010101010101010101010101010101010101010101010101010101010101010101010101010101010101010101010100
0101010101010101010101010101010101010101010101010101010101010101010101010101010101010101010101010101
0101010101010101010101010101010101010101010101010101010101010101010101010101010101010101010101010101
0101010101010101010101010101010101010101010101010101010101010101010101010101010101010101010101010101
0101010101010101010101010101010110110101111101111111111??1111101010101010101011010101010101010101010
1010101010101010101010101010101010100010101010101010101010101010101010101010101101100110101010101111
?101111011010110100110101000110101010110111101000010101010101010101010101010101010101010101010101010
1010101010101010101010101010101010101010101010101010101010101010101010101010101010101010101010101010
1010101010101010101010101010101010101010101010101010101010101010101010101010101010101010101010101010
1010101010101010100101010101010101010101010101010101010101010101010101010101010101010101010101010101
0101010101010101010101010101010101010101010101010101010101010101010101010101010101010101010101010101
0101010101010101010101010101010101010101010101010101010101010101001010101010101010101010101010101010
1010101010101010101010101010101010101010101010101010101010101010101010101010101010101010010101010101
0101010101010101010101010101010101010101010101010101010101010101010101010101010101010101010101010101
0101010101000101010101010101010101010101010101010101010101010101010101010101010101010101010101010101
0101010101010101010101010101010101001010101010101010101010101010101010101010101010101010101010101010
1010101010101010101010101010101010101010101010101010101010010101010101010101010101010101010101010101
0101010101010101010101010101010101010101010101010100101010101010101010101010101010101010101010101010
1010101010101010101010101010101010101010101010101010101010101010101010101010101010101010101010101010
1010101010101010100010101010101010101010101010101010101010101010101010101010101010101010101010101010
1010101010101010101010101010101010101010100101010101010101010101010101010101010101010101010101010101
0101010101010101010101010101010101010101010101010101010101010101010010101010101010101010101010101010
1010101010101010101010101010101010101010101010101010101010101010101010101010101010101010100101010101
0101010101010101010101010101010101010101010101010101010101010101010101010101010101010101010101010101
0101010101000101010101010101010101010101010101010101010101010101010101010101010101010101010101010101
0101010101010101010101010101010101001010101010101010101010101010101010101010101010101010101010101010
1010101010101010101010101010101010101010101010101010101010010101010101010101010101010101010101010101
0101010101010101010101010101010101010101010101010101010101010101010101010101010101010101010101010101
0101010101010101010101010101010101010101010101010101010101010101010101010101010101010101010101010101
00101010101010101010101010101010101010101010101010101010101010101010101010101010101010101??101010101
0101010101010101010101010101010101010101010101010101010101010101010101010101010101010101010101010101
0101010101010101010101010101010101010101010101010101010010101010101010101010101010101010101010101010
1010101010101010101010101010101010101010101010101010101010101010101010101010100101010101010101010101
0101010101010101010101010101010101010101010101010101010101010101010101010101010101010101010101010101
0100101010101010101010101010101010101010101010101010101010101010101010101010101010101010101010101010
1010101010101010101010101000101010101010101010101010101010101010101010101010101010101010101010101010
1010101010101010101010101010101010101010101010010101010101010101010101010101010101010101010101010101
0101010101010101010101010101010101010101010101010101010101010101010101010101010101010101010101010101
0101010101010101010101010101010101010101010101010101010101010101010101010101010101010101010100101010
1010101010101010101010101010101010101010101010101010101010101010101010101010101010101010101010101010
1010101010101010001010101010101010101010101010101010101010101010101010101010101010101010101010101010
1010101010101010101010101010101010101010101010101010101010101010101010101010101010101010101010101010
1010101010101010101010101010010101010101010101010101010101010101010101010101010101010101010101010101
0101010101010101010101010101010101010101010101010101010101010101010101010101010101010101010101001010
1010101010101010101010101010101010101010101010101010101010101010101010101010101010101010101010101010
1010101010101010100101010101010101010101010101010101010101010101010101010101010101010101010101010101
0101010101010101010101010101010101010101010010101010101010101010101010101010101010101010101010101010
1010101010101010101010101010101010101010101010101010101010101010101001010101010101010101010101010101
0101010101010101010101010101010101010101010101010101010101010101010101010101010101010101010010101010
1010101010101010101010101010101010101010101010101010101010101010101010101010101010101010101010101010
1010101010101000101010101010101010101010101010101010101010101010101010101010101010101010101010101010
1010101010101010101010101010101010101001010101010101010101010101010101010101010101010101010101010101
0101010101010101010101010100101010101010101010101010101010100010101010101010101010101010101010101010
1010101010101010101010101010101010101010101010101010101010101010101010101010101010100101010101010101
0101010101010101010101010101010101010101010101010101010101010101010101010010101010101010101010101010
1010101010101010101010101010101010101010101010101010101010101010101010101010101010101010101010101010
1010101010101010101010101010101010101010010101010101010101010101010101010101010101010101010101010101
0101010101010101010101010101010101010101010101010101010101010101001010101010101010101010101010101010
1010101010101010101010101010101010101010101010101010101010101010101010101010101010101001010101010101
0101010101010101010101010101010101010101010101010101010101010101010101010101010101010101010101010101
0101010100101010101010101010101010101010101010101010101010101010101010101010101010101010101010101010
1010101010101010101010101010101001010101010101010101010101010101010101010101010101010101010101010101
0101010101010101010101010101010101010101010101010101010?00101010101010101010101010101010101010101010
1010101010101010101010101010101010101010101010101010101010101010101010101010001010101010101010101010
1010101010101010101010101010101010101010101010101010101010101010101010101010101010101010101010101010
0101010101010101010101010101010101010101010101010101010101010101010101010101010101010101010101010101
0101010101010101010101001010101010101010101010101010101010101010101010101010101010101010101010101010
1010101010100101010101010101010101010101010101010101010101010101010101010101010101010101010101010101
0101010101010101010101010101010101010101010101010101010101010101010101010101010001010101010101010101
0101010101010101010101010101010101010101010101010101010101010101010101010101010101010101010101010101
0001010101010101010101010101010101010101010101010101010101010101010101010101010101010101010101010101
0101010101010101010101010001010101010101010101010101010101010101010101010101010101010101010101010101
0101010101010101010101010101010101010101010101010010101010101010101010101010101010101010101010101010
1010101010101010101010101010101010101010101010101010101010101010101010100101010101010101010101010101
0101010101010101010101010101010101010101010101010101010101010101010101010101010101010101010101010010
1010101010101010101010101010101010101010101010101010101010101010101010101010101010101010101010101010
1010101010101010101000101010101010101010101010101010101010101010101010101010101010101010101010101010
1010101010101010101010101010101010101010101001010101010101010101010101010101010101010101010101010101
0101010101010101010101010101010101010101010101010101010101010101010010101010101010101010101011??1???
????????????????????????????????????????????????????????????????????????????????????????????????????
????????????????????????????????????????????????????????????????????????????????????????????????????
????????????????????????????????????????????????????????????????????????????????????????????????????
????????????????????????????????????????????????????????????????????????????????????????????????????
????????????????????????????????????????????????????????????????????????????????????????????????????
????????????????????????????????????????????????????????????????????????????????????????????????????
????????????????????????????????????????????????????????????????????????????????????????????????11??
1101001011010111110110101111010101010101010101010101010101010101010101010101000101010101010101010101
0101011010101010101010101110101010101010101001101010101011011010111010101101010111010111?01011011010
1010101010101010101010101010101010101010101010101010101010101010101010101010101010101010101010101010
1010100010101010101010101010101010101010101010101010101010101010101010101010101010101010101010101010
1010101001010101010101010101010010101010101010101010101010101010101010101010101010101010101010101010
1010101010101010100101010101010101010101010101010101010101010101010101010101010101010101010101010101
0101010101010101010101010101010101010101010101010101010101010101010101010101010101010001010101010101
0101010101010101010101010101010101010101010101010101010101010101010101010101010101010101010101010101
0101010100101010101010101010101010101010101010101010101010101010101010101010101010101010101010101010
1010101010101010101010101010101000101010101010101010101010101010101010101010101010101010101010101010
1010101010101010101010101010101010101010101010101010101010101010101010101010101010101010101010101010
1010101010101010101010101010101010101011010101010101011110101111110101010101010101010101010101010101
0101010101010101010101010101010101010101010101010101010101010101010101010101010101011010101010101010
101010101010010101010100010110010101111010101010101010110110
