Samples:
o000000000000000000000000000000000000000000000000000000000000000000000000000000000000000000000000000
0000000000000000000000000000000000000000000000000000000000000000000000000000000000000000000000000000
0000000000000000000000000000000000000000000000000000000000000000000000000000000000000000000000000000
0000000000000000000000000000000000000000000000000000000000000000000000000000000000000000000000000000
0000000000000000000000000000000000000000000000000000000000000000000000000000000000000000000000000000
0000000000000000000000000000000000000000000000000000000000000000000000000000000000000000000000000000
0000000000000000000000000000000000000000000000000000000000000000000000000000000000000000000000000000
0000000000000000000000000000000000000000000000000000000000000000000000000000000000000000000000000000
0000000000000000000000000000000000000000000000000000000000000000000000000000000000000000000000000000
0000000000000000000000000000000000000000000000000000000000000000000000000000000000000000000000000000
0000000000000000000000000000000000000000000000000000000000000000000000000000000000000000000000000000
0000000000000000000000000000000000000000000000000000000000000000000000000000000000000000000000000000
0000000000000000000000000000000000000000000000000000000000000000000000000000000000000000000000000000
0000000000000000000000000000000000000000000000000010000000000000000000000000000000000000000000000000
0000000000000000000000000000000000000000000000000000000000000000000000000000000000000000000000000000
0000000000000000000000000000000000000000000000000000000000000000000000000000000000000000000000000000
0000000000000000000000000000000000000000000000000000000000000000000000000000000000000000000000000000
0000000000000000000000000000000000000000000000000000000000000000000000000000000000000000000000000000
0000000000000000000000000000000000000000000000000000000000000000000000000000000000000000000000000000
0000000000000000000000000000000000000010000000000000000000100001010000000000000000010000000000000000
0000000000000000000000000000000000100000100000000000100000000000000000000000000000000111010000000000
0000000000000000000010000000000100010000000010000100000000000000000100000000000000000000000010000000
0000000000000000000000000000000000000000000000010000010000000000000000010000000000000000000100000000
0000000000000000000000000000000000000000000000000000000000000000000000000000000000000000000000001000
0000000000000000000000000000100000000000100001010000100000000000000000000000000000000000000010010000
0010000000000000000000000110000000000000000000000000010000000000000000110000001110000000000000000000
0000000000000000000000000000000000000000000011000001110101001010000000010000000000010000011000000000
1001000000000001000000000100000101000000000000001001000000001000000000000000000000100100011000000000
0000001000000100000000000011101000001000010000010000000000000000000000000010000000000001000000100000
0111000010000000000010100000010001000000000010010000011000100001000000100000000000000000000000000000
0000000000000000000000000000000000000000000000000000000000000000000000000000000000000000000000000000
0000000000000000000000000000000000000000000000000000000000000000000000000000000000000000000000000000
0000000000000000000000000000000000000000000000000000000000000000000000000000000000000000000000000000
0000000000000000000000000000000000000000000000000000000000000000000000000000000000000011111111001100
0000111111101111111001100000011111110011111100101000000111111001110000001111110011000000111111110111
1111011111110011110000101100000111111001011111001111110011100000011100000111111100111111111111111111
0011110000011111100101000000111111101110000001100000011111110111000000111100001110111001100000011100
0000111111001011111001111111011111110011111100111100000111111001100000001101110011000000111111111110
0000011110000011000000111000000110000001111111111111110011111100101111100111000001111111111111110010
1111110111111111111000011101111011111100111100000111111001111111001100000011111110111000000110000001
1100000011111100111111000110000001111111011110000011111110111111100110000001111001011100011100000111
1111111011111001111111111100000011111110110000001110000001100000001111110011000000111111100111111001
1110000011111110111111111110000001111110011100000011111110111100000110000001111111001101111111100000
1110000001111110010100000011000000101111100111111001111000001100000011111110111111100110000000000001
1100000011100000011111100111111100111000001111111001100000011110000111011100111111001111111001100000
0111100000111111001111111001100000011110000011111100111111100111111001100000011100000011100000111111
1001100000011111110011001110111001110000010110000111100111100000111111000111111001111110010111000011
1110001111000001111110011111110111000000111111001111000001111110011111000011000000110000000110111001
1111110111111100111111111111111001111111011100000011111100110000001111111001111110010111111111111100
1110000001111110011111110111000000111111001011111101100000011100000011111100101000000111111001011111
0111000000111000000110000001100000011111110011000000111100000111111001111111001111110010111111100000
0111100000111111001111000001100000011111110111111100110000001111111001110000010111110011000000111100
0001111111111000000011011100111111111111111001111110010110000011000000111000000110111001111111111100
0000111111001011100001110000011100000011111100111000001110000001110000011111110011000000101000000110
0000011111110011111100111100000111111001111110001100000011000000111000000111000001110000001110000011
1100000111111001111111001100000011100000011111100111111100110000001111111011100000011110000101111100
1100000011110000011000000111111100110000001111000001101110011111110111111100111111101010000001100000
0101000000111111001011000001111111011111010011111110111000000111111001100000011100000011111110101000
0001100000011111110011111100101111100110000001111111001100000011111100111111100111111001011111111100
0000111100000110000001110000001100000011100000011100000111000000111111001111111001101110011111100111
0000001111110011111111011100000111111100110000001111111001100000011100000011111100110000000110000001
1111110111111011100000001110000011111110111100000111111001111111001100000011111110011000000111100001
1101110011111000111110000111111101110000001100000011100000011000000111111101111111001111111011110000
0111111111111111001111111011111111111111100110000001010000001111000010110000011111100101110000111111
1111111110011111100000011111110111111100111111001111000001100000011111110111000000111111001111111001
1111100111111100110000001111000011111110011111100111000000111100001011111101111110011111111011111110
1111000001100000011100000011111100111111001110000001111110011100000011000000101111100111111001110000
0011111100111100000110000001111111011100000011100000111000000111000001111111111110000010111110011111
1001111111001111111011111110111100000111111101111111001100000011111110011100000111000000111111001111
1110101000000110000001110000001111110010111110011000000101100000111000001111111001100000010111111011
1111101111110011111000011000000111000000111111001010000001100000011110000011111100111111101110000001
1111110111011100110000001111100001111111100111111101111100011100100111111010011100001111111100110000
0011111110111111100111111110111111001111001111000011110110011111110011111100111111101111111101100000
0111111111111111001111111011100000011100000111111100111100001111111001110000011111111101000000111111
1011110000011111111111111100111111001111111011111110011000000111100000111100001111111101110000011100
0000111111101100000011111100111000000111111110111111101111110001111000011111111111111110111000001111
0001011011100111111111111000001111111111111110011111100101000000110010011110000001110000011111110011
0000001110000001111110011000000111111100110000001111111111111111011110000011111100111111101111111001
1100000101111100110000001111000001110000011110000111000000111111101110000001111111011111111011110100
1111111011111110011111110111110000110000001110000001100000011111110111111100111110011110000001101110
0111111101010000001111110010100000011111100111111101111011101101000011100000011111110101000000111111
1111100000011111100111111001110000001111110011110000011000000111000000111000001110000001111110011111
0000000001111111111011000000111111100111000001111100001111111011111111111011100111100001110000001111
1100111000000111000001110000001100000011111110111111100110000001110000001100000011111111011000000111
1000001111110011111111011111100111111100111111101111110011100000011111100111111100111000001111000011
1100000111000001111111111100000011110000011000000111000000110000001110000001111110011110000011011100
1111110011111110011111100101100000111111001111100001111110011111110111111110110000001111111001100000
0101000000110000001111000001100000011100000011111100110000001111111001111111011111110011000000111100
0001111111011100000011101100111000001111000001111110010111111111000000111000000111111001010000001100
0000111000100000011110000111110000110000001111111001111111111111110111110000111111001100000011111000
0110000001111111011111110011111110101111100110000001111111101100000011100000111111111111111001100000
0111100000110000001110000011111110011000000111100001110000011111110011111110111000001110000001100000
0111111101010000001111110011111110111011100111111101111111001111111011000000111000000111000001111111
1101111100111000001111111011100000011111100111000001111111101111111010111110011111100111000001111111
0011111110111111101110111101111111011111110111011100111000001110000011100000011111100111000001111111
0011000000111111101111000001111111010111110011000000111111101111111001100000011111110111100000111111
1011111111101000000111111001111000010111110011111100111111100111000001111110011111110011100000111111
1011100000011101100111100001111000001110000011111110111111110111111101111000011111110011000000111111
1011111000011111100111111110111111001111000011111110011000011111001100000011111000111000000110000001
1110000111111100110000001111111010100000011111100110000001111111111100000011100000111111100111110001
1100000111100000111000001111111111111110011110000111111100111000001110000011100000011111110111000001
1101110011000000111111100110111001100000011111110011111100110000001000000011011110000111000000110000
0011111110101000000110000001100000011110000111000000110000001110000001100000011111110111000001110111
0011000000111111101110111101100000011100000111000000110000001111111011101111011111110101000000111100
0011000000111000001111100001111111011100000011111100111000001111111001111100011111110111111100111111
0011111000111100000111000001111000010100000011000000111000001111111001100000011111110111000000111111
0010111110111110000111111001011111001101110011111110101000000111111001100000011110000011111100110000
0011111110011111110111110001111100001111110011111110011111100111111101010000001111110011000000101000
0001111110011111110111111100110000001111000011111110011111100111111111111111011111111011000000111000
0011111110011111100111100001110111001111110011111110011111110110000001111000001100000011111110101111
1001100000011111110111011100111111001111111010100000011111110111111101111000001111111011111110111000
0001100000011100000111111100110000001111111011111110000011111110111011100110000001111000011111110011
0000001111111010111110011000000111111111111000001100000011111110111111100111111101110111001111111011
1000001110000001100000011111111111011100110000001110000011100000011111100110000001111111001100000010
1111111011111001111100011111110011111111111111110111111001111111011101110011100000101111100110000001
1111110011111110111111101110000001111111110111111011111100111111111110000001100000001100000011111110
0111111101100000011111110011111100101000000110000001110000001100000011100000011111000111000000111111
0011111100101111100111111001111000001111110011111111101111110111000001110000001111110011111110011111
1111111111111100000011110000111100000110000001111111001101110000001111000011110000011111100101110000
1111111011111110011111110111111101110000001110000011100000011100000111110000111111001011111001110000
0111111101111000001111111011111110011111100111111100110000001111111001111100011111110101111110110000
0011100000011111100111100000110000001110000001111110011111110111011110111111001011100001111111011100
0000111100001111100011111110011000000111100000110000001110000001110000010111110011111100111000000110
0000011100000011000000111100000110000001111110011100000011000000111000000111000001110000001111111111
1111101111000001100000011100000011111100101111110110000001110000001110000011100000011100000111111111
1100000011100000111111111111111001011111001111111011110000011000000110000000110000001110000001100000
0111000001111111111110000011110000011111110101100000111111001111111001111110011100000111000000111000
0011101110011000000111111100111111001011111001100000011111111011111100111100000110000001111111011100
0000111111101111111001111110011100000011111110111100000111111001111111011100000111100000101000000111
0000011111111011111110111000000110111001100000011100000011000000111000000111111001011111101111110011
1111100111111101111110011111110011111100111000000111111111110000001111110011110000111000000111000000
1100000011100000111111100110000001010000001100000011111110011111100111111101111100111101111111111100
0000111111101110000001111111111100000011000000111000000111100001110000001100000011111110011111110110
0000011100000011111100111000000110000001111101001111110010100000011111100111111110110000001110000001
1111100111111101111111001111111011110000011111100111000000110000001110000001111111011111110111000000
1100000011111110011111100111111100111110001111111001100000011111110111111100110000001111111101100000
0111100000111111001111100001100000011111110111000000111111001110000001100000011110000011000000111000
0001111110011111111111111100111111111110000001111110011111110011111110111111101110000001110000011110
0000110000001110000001111110011110000011111110111111101111111001110000010100000011111100100000000000
0000000000000000000000000000000000000000000000000000000000000000000000000000000000000000000000000000
0000000000000000000000000000000000000000000000000000000000000000000000000000000000000000000000000000
0000000000000000000000000000000000000000000000000000000000000000000000000000000000000000000000000000
0000000000000000000000000000000000000000000000000000000000000000000000000000000000000000000000000000
0000000000000000000000000000000000000000000000000000000000000000000000000000000000000000000000000000
0000000000000000000000000000000000000000000000000000000000000000000000000000000000000000000000000000
0000000000000000000000000000000000000000000000000000000000000000000000000000000000000000000000000000
1000000000000000000000000000000000000000000000000000000000000000000000000000000000000000000000000000
0010000000000000000000000000000000000000000000000000000000000000000000000000000000000000000000000000
0000000000000000000000000000000000000000000000000000000000000000000000000000000000000000000000000000
0000000000000000000000000000000000000000000000000000000000000000000000000000000000000000000000000000
0000000000000000000000000000000000000000000000000000000000000000000000000000000000000000000000000000
0000000000000000000000000000000000000000000000000000000000000000000000000000000000000000000000000000
0000000000000000000000000000000000000000000000000000000000000000000000000000000000000000000000000000
0000000000000000000000000000000000000000000000000000000000000000000000000000000000000000000000000000
0000000000000000000000000000000000000000000000000000000000000000000000000000000000000000000000000000
0010001111000000000000000000111000001011000000000000000000000100000000000000000000000000000000000000
0000000000000000000000000000000001100000000000000000000000000000000000000000000000000000000000000000
0000000000000000000000000000000000000000000000000000000000000000000000000000000000000000000000000000
0000000000000000000000000000000000000000000000000000000000000000000000000000000000000000000000000000
0000000000000000000000000000000000000000000000000000000000000000000000000000000000000000000000000000
0000000000000000000000000000000000000000000000000000000000010000000000000000000000000000000000000000
0000000000000000000000000000000000000000000000000000000000000000000000000000000000000000000000000010
0000000000000000011100011100000000000000001100000000000000000000000000000000000000000000000000000110
0000000000000000000000000000000000000000010001000000000000000000000000000001000000000000000000000100
0000000000000000000000000000000000000000000011000000000000000000000000000000000000000000000000000000
0001000000000000000001100000000000000000000000100000000000000000000000000000000000000000000000000000
0000000000000000000000000000000000000000010000000000000000000000000000000000010000000000010000000000
1000000000001001000000000000000000000000001000000000000000000100000000000000000000001000000000000000
0000000000000000000000000000100000010000000000000000000000000000000000000000000000000000000000000000
0000000000000010000000100001000000001000000000000010000000000000001100110000000010101000001000000000
0000111000000100100000000100010000000000010000000000000010000000000000000000110000000100000000001000
0000000000000110010000000000010000000000000000011000000000000000000000000010110100000010000011100000
0100000001000000000100000000000000000000000000000000000000000000000000000000000000000000000000000000
0000000000000000000000000000000000000000000000000000000000000000000000000000000000000000000000000000
0000000000000000000000000000000000000000000000000000000000000000000000000000000000000000000000000000
0000000000000000000000000000000000000000000000000000000000000000000000000000000000000000000000000000
0000000000000000000000000000000000000000000000000000000000000000000000000000000000000000000001100000
0000000000000000000000000000000000000000000000000000000000000000000000000000000000000000000000000000
0000000000000000000000000000000000000000000000000000000000000000000000000000000000000000000000000000
0000000000000000000000000000000000000000000000000000000000000000000000000000000000000000000000000000
0000000000000111000001110000011110000111100000111100001101111101110000011111101110111110111000000001
1110111100000111000001111100011111111011111110111111011011000001111110111011101111100000111111111101
1111111101110111111011111011101110000011111000111100000111000001111000011111111011110000110111010111
0000011100000110100001111111101111100011010000011100000111111011111101101111111111011000101101110111
1111111110000111111110111111111111110111111111011111111110100001011111101111111011111000110100000111
1111011011111011111110111100001111111101111111111010000011110000111110001111000001111111011010000111
1100001110000011111101111100000111111111101000001111111011111111111100000111111111101111111111000011
1111111111000001111111011111111110111110111000001111000010110111011110000110100001111100001111111111
0100000111000001110000011011000111100000111110001101111111110111011111111111100001111111111111111111
1100000111111111111110110110111011111111110111110111000001111111111110000011111110111000111111111101
1111011111110111000001111000001111111011110000110100000111100001110000011111111011111110111111111011
0111011111111110100000111111101110000011011101111101110111000001101111111111111011100000111111111111
0000011111110111100001111111101111111111111101110100000111000001111111110110111011111111111100000000
0000001111000011111101111101110111111101111111101110000011100000111111011111011101110000011011111011
1000001111000011111111111100000111111111101000001111111111100000110111110111111101111100011111111011
1111111111111101111111111010000011100000111100001101000011111111011111100111101111111111111111000001
1111111111100000111000001101111101110000011010000011110000111111000111111111111111111011111011100000
1101110101111111011110000011110110111111111111000001111111011110000011111111110100000111111101111000
0011111111111110000111111101111000011110000011111111111111110111111101111110111111111011110000011110
0001101110101110111111100000111101111111110001111111111110000011110000011101110111000001111000001111
1011101111000011110000011111110111111110111101111110000010111111011110000111111110111111101101110101
1111110110100000111000001110000011110000011110000111100000111000001111100001111111111011111011111110
1111110111110000011011101011111110111100000111111101110000011010111011100000111100000111111101101000
0011110000111111110111011101101000011110000011111111111110000111111111111110101110000011111111111110
0001110000011111111011100000110100000111111101101000001110000011110000011111000111111111111111101111
1110110100000111111101111110101111011011111111111111110111000001101000001110000011010000011111110110
1000001111111011111101101101110111111101101111101111111011010000011100000111111110111000001101110101
1111110111111111111111101110000011110000011111110110111110111000001111100011110111111111111111111110
1111111111010000011100000110100000111111101111111111110000011111110110100000111000001111111101111111
0110100000111111101111100011111000011111110110100000111100001101100001111000011011111101000001111111
1111111111011111110110111010111111111010000011111110111111011011000001111110111110000011111010111111
1101111111011010000011110000111100000111011101111111110111000011110000111100000111111101111000011111
1111110101111111011011011000001110000011110000011111110111000001101001001111000011011111111111111000
0100011101111110111111111111110000011111101110101010111111101111000001111011011111010101110110111000
0011011101011100000111111111111111101111111111111111011100000110101110111111111111000010111111011100
0001101000001111000011111111011101111111100001011111101111000011110000011100000110100000111111111101
0000011111110111100001101111101111111011111111011100000110100001011111111111111101110000011110000011
1111111111011111111101111111111111100000111111111111111101111111111110000010111111011100000111100000
1111111111011111011111111111000001111001001110010011111000010111111110101000111000001111100011110000
0111000001111110101110000011011111011110111111110010111011101111111111111111011110000110100111111011
1111101101000001111111011110000011110000111110001111110001111111111110111011100000111111111111001111
0000011111000011110000111111110111000001101110101110111100000111111111110000111110000111111111110111
1100001111111101111111111110111101111000010111111111110000111111110111111111111000001111111111110000
0111111101111111101110000011011111011100000110111110111100001111111111111000011100000000111111111101
1111011100000110100000111111101110000010111111011100000101101110111111101101111101111111011010000011
1100001101110101111111011111111111100000111000001111111101110000011011101011111110110111011111011111
1111111111100000111111111111111111111111011111101011111101110100000111111101111110111111101011111110
1110000011111111011111110110100000111111111101111101110000011011111101111110111111101101111101111111
0110111010111111101111110111111111111111111110111010111000001101100001111111011110000101101110111111
1111011111011111110110111010111000001111111110111111011111111110100000111000001101110101110011111110
1110000011110111011100000111111011111000001111111011111101111111110111111110011111111111111011111111
1011110000011110000111100001111111101111111111011111011111110110111110111111101111100001111111011111
1111111011101111111111010000011111110111111011111000001111111111110000011111000110111110111111101101
0000011111111111111111111100001111111111111111011110000110111110111111101110000010110000011111000111
1000001110000011110000011100000110111010111111101111111111111111011111110111100000111111111111111111
1110000111100001011111101110000011111000011100000111111110111100001101110111110000011111101011110111
1110000011111111011111111110111010111111101111000001111011011111111111110000111000001111000001110000
0111111110111111101101000001111110011111101011100000111100001101011111110000011110000011111110110100
0001111111011111111111100000111100000111000001111111111111000011111111111110000111111101111111111110
0000111000001111000001111111111011111011111110111111011011000001110000010111111011111110110100000111
1000011010000011100000111110000111111111111111111111111011111110110100000111111101111110111111111011
1111101111111111110111011100000101100000111111101101000001110000011111111111110000111100000111111101
1010000011111100111111111011000001111111111110111011111111111100000111000001111000001111000011111111
0111000001101101101111111011111101111110111111111111101011101111111011110000011111111110100000111111
1011000011011111111111111111110111111101101000001111111011111101011111110111111101111111101111111011
0111011111111101111111011111111011111110110111110111111101111111111111111011111110111111110111111101
1111101111100000111000000111000001111111110111111011111110110111010111111101111000001111111011100000
1011111101111111011111111011111111111110000111000001111000011110000011110000011111101110111111111111
1101111011100000110111110111100001101111101111111011010000011111110111100001111111111111110111110000
0111110111111110110000011100111100001111111111111111011111111011110000110111001111111101110000010010
0000111111101101101101110000011011111111111111111100000111111111111000001111111000001111100001111111
1111111110111111101101000001111000011011101011100000111111110111000001111111111111111011111111111100
0001110000011111111011111110111111011111011101110000011111111011100000110110000111111111101000001111
1110110111110111111101111000001111000011111100101111110111111101111000001110000011111111011100000111
1000001110000011110000011100000110100000111111101101000001110000011110000011111110111111111111100001
1110000111101111111111111101110101111111111111011111110110100000111111111111100001110000011110000011
1111111110000010110000011110000011100000111111101111000001110000011011101011111110111000000111110001
1100000111100000111000001111111111111111011110000011111111111111111111111101111111111111111011111111
1101100001111111111111101111100000111111000111111101111111111110000011111110110111110111111101101110
1011100000111100000111000001111111110111111011100000111111111111111101111110111111111011100000111101
1111111111111110000011111111111111110111000001111000001111000011011111011100000110111110111101111111
1111111111110111000001111000001111111011010000011111110111111111111100001111111111110000011110000110
1111101111111011011101011111110111111101111000001110000010111000011111110110111010111000001111000001
1110000111111111111000001111111111110000011111110110111010111000001111110111111011011111111111111110
1111111011011101011100000111111011111000001111111111111111011111111111100000111111101111111111111111
0111111101111000001111000011110000011111110110111110111000001111110111111111111000001110000010110000
0111100001011000001111000010110000011111110111111110111111101111110101110000011111111111101110111111
1111111000011111000111111011101111101111111111111111011100000111100000111000001101100001111111111011
1010111111101111111110110000011111111111111110111111101101000001111111011010000000000000000000000111
1111111111100001011111111110000011111111011100000110100000111100001101111111110000011110000111110000
1111100011111111011111110110111010111101111111111101110000011111101111111110111111101101000001111111
0111100001111011101111111010111111011111110110111010111111101110000011111111011100000111111110111000
0011011111111100000111100000111000001111111111110000011111110110111010111111101111110111110111011111
1101111000001111111011010000011111110110111010111111101111111111110000011111110110100000111100001101
0000011111110111111010111101111111111111111111111100000111100000111100001111100001111111011111111111
1000001111000011110111011111111110110000111111101101000001110000011010000011111110110111111111000001
1111110110111010111000001101100001111111011100000011111110111111111011111101111100011111111011100000
1111111111110000011110000011111111111100000111101101111111111110000011100000111111110111000001111000
0011111110110111111111111101111111111111111011100000101111110111111101111000001111111011011101011100
0001111000001111111011111111111100000111100001011111101111111111111111011111111111100000111000001111
1101111100000111100001111000001110000011110000011111110110100000111100001101111101110000011110000011
1000001111000001110000011111111111100000111111111111100001111111011010000011110000110111110111000001
1111101011111110111100001111100001111111011111111011111110110111010111111101111111111111111011100000
1111000001110000011110000011110000110100000111000001101000001110000011011101011111110111111111111111
1011100000111111110111000001111111101111111111111111111101110111111111111000001111000011110000011111
1111111111111110000011111110000011111110110111010111111101111110110110000011111111111111111111111101
1111111111111110111100000111100001101100001111111011110000111110000111110001011101100111111000000000
0000000110000000000000010000000000000000000000000000000000000000000000000000000000001100000000000000
0000000000000000000000000000000000000000000000000000000000000000000000000000000000000000000000000000
0000000000000000000000000000000000000000000000000000000000000000000000000000000000000000000000000000
0000000000000000000000000000000000000000000000000000010110010100000000000000000000000000000000000000
0000000000000000000000000000000000000000000000000000000001100110000000000000000000000000000000000000
0000000000000000000000000000000000000000000000000000000000000000000000000000000000000000000000000000
0000000000000000000000000000000000000000000000000000000000000000000000000000000000000001000000000000
0000000000000000000000000000000000000000000000000000000000000000000000000000000000000000000000000000
0000000000000000000000000000000000000000000000000001100000000000000000000000000000000000000000000000
0000000000000000000000000000000000000000000000000000000000000000000000000000000000000000000000000000
0000000000000000000000000000000000000000000000000000000000000000000000000000000000000000000000000000
0000000000000000000000000000000000000000000000000000000000000000000000000000000000000000000000000000
0000000000000000000000000000000000000000000000000000000000000000000000000000000000000000000000000000
0000000000000000000000000000000000000000000000000000000000000000000000000000000000000000000000000000
0000000000000000000000000000000000000000000000000000000000000000000000000000000000000000000000000000
0000000000000000000000000000000000000000000000000000000000000000000000000000000000000000000000000000
0000000000000000000000000000000000000000000000000000000000000000000000000000000000000000000000000000
0000000000000000000000000000000000000000000000000000000000000000000000000000000000000000000000000000
0000000000000000000000000000000000000000000000000000000000000000000000000000000000000000000000000000
0000000000000000000000000000000000000000000000000000000000000000000000000000000000000000000000000000
0000000000000000000000000000000000000000000000000000000000000000000000000000000000000000000000000000
0000000000000000000000000000000000000000000000000000000000000000000000000000000000000000000000000000
0000000000000000000000000000000000000000000000000000000000000000000000000000000000000000000000000000
0000000000000000000000000000000000000000000000000000000000000000000000000000000000000000000000000000
0000000000000000000000000000000000000000000000000000000000000000000000000000000000000000000000000000
0000000000000000000000000000000000000000000000000000000000000000000000000000000000000000000000000000
0000000000000000000000000000000000000000000000000000000000000000000000000000000001000000000000000000
1000000000000000000000000000000000000000000000000000000000000000000000000000000000000000000000000000
0000000000000000000000000000000000000000000000010100000000000000000000000000000000000000000000000000
0000000000000000000000000000000000000000000000000001000000000000000000000000000000000000000000000000
0000000000000000000000000000000000000000000000000000000000000000000000000000000000000000000000000000
0000000000000000000000000000000000000000000000000000000000000000000000000000000000000000000000000000
0000000000011000000000110000001000000000000000000000000000000000000000010000000000000000001010100000
0000001000000000010000000000000000000000000000000000000000000000000000000000000000000010000000000000
0000100000010001010000000000000011111000000011000000000000000000000000000011100000000000000000000000
1011011111000100000000000000000000000000000000000000000000000000000000000000000000000000000000000000
0000000000000000000000000000000000000000000000000000000000000000000000000000000000000000000000000000
1111100101110000111111001111111010111110011111100110000001010000011100000011110000111111101110000001
1111100111111111010000001111110011110000111000000111111001111000011110000011000000111100001011111001
1111100111111101111000001111110011111111011000000111111001011111001100000011111110111000000111111001
1000000111111100110000001111111010100000011111100111000001110000001111111011111110111111100111111101
1111111011000000111000001110111001111110010100000111111100110000001111111001100000011100000101111100
1100000011100000111111100110000001100000011111111011011100111111111011111001111110011000000111111110
1100000011111111011000000111111101010000001111100011000000111100001111100001111111110111110011111111
1111111011100000011111100111111100111111001111111010100000011111100111111101010000001111110011111110
1110000001111111011100000111000000110000001111111011110000011000000111111101110000001111110011111110
1110000001100000011100000111100000111111111111111011111110011000000111111100110000001110000011110000
0110111001100000011111010111111100110000001111111101111110011000000111111100110000001111111011111000
0110000001111111011111110011100000111100001111111001100000010110000011111110111111111110000001110000
0111111001111111111100000011000000101000001110111001111111010100000111111100111100001111000001111110
0111111101111110000111101100000011100000111111100111111001100000011111000011111110111111101011111001
1000000110000001110000001111110011110000111111100110000001111111011100000011111000111000001111100001
1111100111111101111111101100000011110000011110000101111100111111101111000011111111111100000111111100
1110000011100000101000001110111001111111111111110011111101111111101111111001100000010111111011000000
1111111001111111011111110011111100111110011111111001111111111100000010111110011111110111110000111000
0010111111111100000111111110111111001100000010100000111111010111000111110111001110000011100000011111
1101111111011101110011111111101111100111111101111000011111110011111111111000001111111001111111011111
1101110000001111111001100000001111110011111100111111100111111101111000001100000011111111111111100111
1110011111111011111110110000001110000001110000011100000011111100101111100111111001111000001100000011
1000000110000001111111001111110011000000011000000110000000111111101111111111111111011111100111111111
1111110011111100111111100111111001110000011111110011000000111000000111111001010000001110000010111110
0111111001111000001111110011111110111100000111000001111111001111111011111010011111111010100000111111
1001011111001111110010110000011111110110000000110000001111111011101110011000000111111100110000001111
1111011110000111000001110000001111110011100000011111000101000000110000001110000001111111010111110011
0000001111000011111111011111110111011100110000001111111001111110011100000011101100111000000111000001
1111110111111110110000001110000001111110010111110011100000111110000110000001110000001100000011111111
0111000001110000001100000011100000011000000111100000111000001111111001111110011000000111111100111000
0010111110011111100101000000111111001111111001110000011111111111110100110000001010000001100000011111
1100110000001111000001100000011100000011000000111111100111111001111111011111110011000000111100000111
1110010100000011000000101111100111000001110000001100000011110000111111110111111001111111001111110011
1111101111000001111110011111111011111111111111100111111101111111011100000011111110101111110111000001
1111111011111100111100000111111001111111010100000011000000111000000111110001010000001101110010110011
1011100111111001111111001110000011100000011000000111111100111111101111111011100000011111100101111100
1100000011111110011111100111000001110111001111100011111110011000000111000000110000001110000001111110
0110000000111111001111110011100000011111100101111100110000001110000001100000011111110011101110110000
0001111110000001111111111111110111110000111111101110000001110000010100000011111100101111100110000001
0111110011111100111100000111111001111111011111110011111100101000000111111001011000001100000011100000
0110000001111111001111111111100000111111100110000001111000001100000011100000111111110111100001110111
0011000000111100000111111001110000001100000011111110011100000111000000111111001111111111100000011100
0001111000001111110010100000011111100111111100110000001111111010100000011111110111111100110000001111
1110011100000111111100110000001111110010111000011100000101111100111111101110000001110000010111110011
0000001111111001111000011111111111111110111111001011111101110000011100000011111100111111101111111001
1000000111100000111111011111110111000000110000001111111001111100011100000011111100111000000111111001
1111111101011100110000001110000001100000011110000011111100111100000111111001111111001111111111111100
1011111111111110011111110011100000111111111110000001111110011111110011111100111111110111111111100000
0111111111111111111111011101100111111001111111001111110010111111011111100101111100111111001111111001
1111100111111110111111001111110010111100000011100000011111100111110000111111001010000001111110011100
0000111111001111111011111111000000000000000000000000000000000000000000000000000000000000011000000000
0000000000000000000000000000000000000000000000000000000100000000000000000000000000000000000000000001
1100011000001100110000000000000000000000000000000000000000000001111111101111111001111111011111110011
1111001100000011100000011111110111000001110111001100000011111110111011100110000001110000001111111011
1000001111111001111111111100000011111100110000001111000001111110011111110111111110110000001110000011
1100000110000001111111011100000011000000111000001110000001100000011100000111111100111111101111111001
1000000111111101011111001111111011000000111111100111000001111000001110000011110000111111101110000001
1111110101111101111111111001100000011110000111111100110000001111000001111110011111110111000000110000
0011100000111000001011111001100000011111110111011110110000001110000011111110011111111111111100110000
0011100000111011100110000001111000011111111011000000111100001110000001111110011111110111111100110000
0011100000111000000110000001110000011100000011000000111100001111111001100000011111110111111111111111
1010100000011111100110000001111000001100000011000000101000001110000001110000011110000011111000110000
0010111111011000000111111111111111001100000011111111111111110111111101111111001100000011111110101011
1001100000011111111111000000110000001110000011101110011111110101000000110000001111110011111000111111
1111111110011111110011000000110000001111111001111100011100000101000000111111101111111011100000011111
1001010000011100000011100000111111101111111001111111010111110011111110111000001110111001111110011111
1101111000001111111110110000111000000110000001110000011100000011111100111000001110000001100000011111
1101110000001110000011111110111011100110000001110000001100000011000000111000001111111001111111011100
0001110000001111111111111110011000000111111101111111101100000011100000011111111110000001010000001100
0000110000001111101001100000011000000111000001110000001111111111111110011111110111000001110000001100
0000111110001111111001110000011111110011100000011100000111111101111000001111110011111110111000000110
0000011110000011111100111000001111111001111111111100000111011100111111101111111101111111011100000111
1100001110000011100000111011100110000001110000011100000011111100111111101110111101111110010111110011
1111001110000010111000011111100111111101111100001111100011000000111111110110000001111111011111000011
0000001011111101111111011111110101000000111110001111111010100000011111100111111101111111001111111010
1000000111111001111111010110000011111100110000001111000001110110011100000111000000111111001111111010
1111100110000001111000011111110011111100111111101111111001100000011111110111100000110000001111111010
1111100110000001111111011110000011000000111111111001100000011111110111100000111000001111100011111110
0110000001110000011100000011000000111111101111111101111111110111110011111110110000001111111001111110
0111111101111000001111110011000000111111100111111001111111110111110011111100111111100110000001111111
0111000001111111001111100011111110011000000110000001110000011101110011111000111111111110111101111110
0111111101111111001111111011100000011111100110000001111111001111111111111110111011110111000001111111
1011100000111000001011000001111111011111110101111100111111111111111011100000000111000111000000101001
1111110101111100110000001111100001111110010111110011000000111111100110000001110000011100000011111110
1111111101111110010111111011000000111111100111111001100000011100000011111100101110000111000001010000
0011111100111000000110000001111111001100000011111110011000000111111101111111001100000011111110011000
0001111111001111110010110000011111110111111100111110001111000001111110011110001111111100111111001110
0000011111110111111110110000001111111001101111011000000110011000001111000000110000001110000001111100
0111111100110000001111000001101110011111100101110000111111111111111001111000011111110111111000111110
0100111111111110111111111011111111111111111111111111111111111111111111111111111111111111111111111101
1111000111111111111011001110000011111111101101000111111000111000000111000000111111001111110011100000
0111111001011111001100000010111110011111100111100000110111001110000011100000011110000101000000111111
0011110000011111100111111101110111001100000011101110011100000111111110111111001111000001111110011111
1100110000001111110011100000011111110111111100111000001111111011101110011111110111000000111111001111
0000011111100111100000111111001111111011111000011111100111100000110000001111111001100000011111111011
1000001111111001111110011100000101000000111111001010000001110000011110000011111100111110000110000001
1111110111100000111111101011111001111110011111110011111100111111100110000001111000001100000011110000
1111000001111111011111110011111000111111100111000001100000001100110000000000000000000000000000000000
0000000000000000000000000000000000000000000000000000000000000000000000000000000000000000000000000000
0000000000000000000000000000000000000000000000000000000000000000000000000000000000000000000000000000
0000000000000000000000000000000000000000000000000000000000000000000000011000000000000000000001000000
0011000000000000010000000011000000000000000000000100000000000000000000000000000000000000000000000000
0000000000000000000000000000000000000000000000001000000000000000000000000000000000000000000000000000
0000000000000000000000000000000000000000000000000000000000000000000000000000001100011001100000110000
0111000000000000000000000000000000000000000000000000011000000000000011100000000000000000110000000000
0000000000000000000000000011100000000000000011110000000000000000000000000000000000000000000000110000
0000000000000000000000000000000000000000011000000000000000000000000000000000000000000000000000000000
0000000000000000000000000000000000000000000000000000000000000011000000000000000000000000000000000000
0000000110000000000000000000000000000000000000000001100000000000000000000000000000000000000000000000
0001100000000000000000000000000000000000000000000000000000000000000000000000000000000000000000001100
0000000000000000000000000000000000000000000000000000000000000000000000000000000001100000000000000000
0000000000000011100000000000000000000000000000000000000000000000001000000000111000000000000000000000
0000000000011000000000000000000000000000000000011100000000000000000000000000000000000000000000000000
0000000000000000001100000000000000000000000000000000000000010000000000000000000000000000000000000000
0000000000001000000000000000000000000000111000000000000000000000000000000000000000000000000000000000
0000000000000000000000000000000000000000000000000000000011100000000000000000000000000000000000000000
0000000000000000000000000000000000000000000000000000000000000000000000000000000000000100000000000000
0000000000000000000000001110000000000000000000010000000000000000000000000001100000001100000000000000
0000000000000000000000000000000001110000000000000000000000000000001100000000000000000000000000000000
0000000000000000000010000000110000000000000000000000000000000001100000000000000000000000000001100000
0000000000000000000000000000000000000000000000000000000011100000000000000000000000000000000000000000
0000000000000000000000000000000000000000000000000000000000000000000000000000011100000000000000000000
0000000000000000000000000000000000000000000000000000000000000000000000000000000000000000000011001000
0000000000000000000000000000000000000000000000000000000000000000000000000000000000000000000000000000
0000000000000000000000000000000000000000000000000000000000011100000000000000000000000000000000000000
0000000000111000000000000000000000000000000000000000000000000000000000000000000000000000000000000000
0000000000000000000000000000000000000000000000000000000000000000000000000000000000000000000000000000
0000000000000000000000000000000000000000000000000000000000000000000000000000000000000000000000000000
0000000000000000000000000000000000000000000000000000000000000000000000000000000000000000000000000000
0000000000000000000000000000000000000000000000000000000000000000000000000000000000000000000000000000
0000000000000000000000000000000000000000000000000000000000000000000000000000000000000000000000000000
0000000000000000000000000000000000000000000000000000000000000000000000000000000000000000000000000000
0000000000000000000000000000000000000000000000000000000000000000000000000000000000000000000000000000
0000000000000000000000000000000000000000000000000000000000000000000000000000000000000000000000000000
0000000000000000000000000000000000000000000000000000000000000000000000000000000000000000000000000000
0000000000000000000000000000000000000000000000000000000000000000000000000000000000000000000000000000
0000000000000000000000000000000000000000000000000000000000000000000000000000000000000000000000000000
0000000000000000000000000000000000000000000000000000000000000000000000000000000000000000000000000000
0000000000000000000000000000000000000000000000000000000000000000000000000000000000000000000000000000
0000000000000000000000000000000000000000000000000000000000000000000000000000000000000000000000000000
0000000000000000000000000000000000000000000000000000000000000000000000000000000000000000000000000000
0000000000000000000000000000000000000000000000000000000000000000000000000000000000000000000000000000
0000000000000000000000000000000000000000000000000000000000000000000000000000000000000000000000000000
0000000000000000000000000000000000000000000000000000000000000000000000000000011000111000001111000001
1111110101110000111111101111000001111111111111111111100000111111111111111101111000011011111011100000
1101110101111011111111111011100000111000001011111111111000011010000011110000111111110111100001111000
0101100000111000001011000001110000010111110000000000000000000011011111111110111010111000001111111111
1111111111000001101111101111111011111101011111110111111111111000001111111011010000011111111110111110
1111111111111111111110000111100001101110101110000011011000011110000111100000111111101111111111110111
0111111101111111101110000011011111011100000110111010111111101111000011111111011111110110100000111111
1111010000011111110110100000111111101101111101111111011110000011100000111111111111111101111111011110
0000111100001101111101111111011111111111111110111000001111110001111111111111111011100000111111111111
0000011111000111111110111000001111111101101000011111111011110000100111110111111111111000011111111111
1111101101111111111111011110000011110000111100000111000101111101111111011010000011110000110100000111
1111111111101111111110111000001111011101110000010111111011111110110100000111100001111111101111011011
1000100111111111111111101111111011011101011111110111000001111100001111111010110000011111110110111110
1111111011011111011111110111100000111110001111000011010111011111110110100000111111101111111111110111
01110000011110000011100000111100000111111101101000001111000011010000011111110111