Samples:
KEY:
1010101010101010101010101010101010101010101010101010101010101010101001010101010101010101010101010101
0101010101010101010101010101010101010101010101010101010101010101010101010001010101010101000101010101
0101010101010101010101010101010101010101010101010101010101010101010101010101010101010101010101010101
0101010101010010101010101010101010101010101010101010101010101010101010101010101010101010101010101010
1010101010101010101010101010101010100101010101010101010101010101010101010101010101010101010101010101
0101010101010101010101010101010101010101010101010101010101000101010101010101010101010101010101010101
0101010101010101010101010101010101010101010101010101010101010101010101010101010100101010101010101010
1010101010101010101010101010101010101010101010101010101010101010101010101010101010101010101010101010
1010101010101010101010101010101010101010101010101010101010101010101010101010101010101010101010101010
1010101010101010101010101010101010101001010101010101010101010101010101010101010101010101010101010101
0101010101010101010101010101010101010101010101010101010101010100101010101010101010101010101010101010
1010101010101010101010101010101010101010101010101010101010101010101010101010101010101000101010101010
10101010101010101010101010101010101010101010101010101010101010101010101011??110101101101011110101011
00110110101010101010101010101010010101010101010101011011101101011101?101?101110101010101010101010110
1010111110111101110101111001011010101010101011111110101111011101101111111?01001010110101111111101101
0101011101001110101110111?010101000110011011100110101?011101011011010101101001010101?011001011000001
1010001011011010000011111010110101011010101010101010101001010101010101010101010101010101010101010101
0101010101010101010101010101010101010101010101010101010101010101010101010101010010101010101010101010
1010101010101010101010101010101010101010101010101010101010101010100101010101010101010101010101010101
0101010101010101010101010101010101010101010101010101010101010101010101010101010101010101010101010101
0101010101010101010101010101010100101010101010101010101010101010101010101010101010101010101010101010
1010101010101010101010101010101010101010101010101010101000101010101010101010101010101010101010101010
1010101010101010101010101010101010101010101010101010101010101010101010101010101010101010101010101010
1010101010101010101010101010101010101010101010101010101010101010101010101010101010101010101010101010
1001010101010101010101010101010101010101010101010101010101010101010101010101010101010101010101010101
0101010101010101010101010101010101010101010101010101010101010101010101010101010101010101010101010101
0101010101010101010101010101010101010101010101010101010101010101010101010101010101010101010101010101
0101010101010101010101010101010101010101010101010101010101010101010101001010101010101010101010101010
1010101010101010101010101010101010101010101010101010101010101010101010101010101010101010101010010101
0101010101010101010101010101010101010101010101010101010101010101010101010101010101010101010101010101
0101010101010101001010101010101010101010101010101010101010101010101010101010101010101010101010101010
1010101010?10101010101010101010101010101010101010101010101010101010101010101010101010101010101010101
0101010101010101010101010101010101010101010101010101010101010101010101010101010010101010101010101010
1010101010101010101010101010101010101010101010101010101010101010101010101010101010101010101010101010
1010101010101010101010101010101010101010101010010101010101010101010101010101010101010101010101010101
0101010101010101010101010010101010101010101010101010101010101010101010101010101010101010101010101010
1010101010101010101010101010101010101010101010100101010101010101010101010101010010101010101010101010
1010101010101010101010101010101010101010101010101010101010101010101010100101010101010101010101010101
0101010101010101010101010101010101010101010101010101010101010101010101010101010101010101010101010101
0101010101010101010101010101010101010101010101010101010101010101010101010101010101010101010101010101
010101010101010100?010101010101010101010101010101010101010101010101010101010101010101010101010101010
1010101010101010101010101010101010101010101010101010101010101010101010101010101010101010101010101010
1010101010101010101010101010101010101010101010101010101010101010010101010101010101010101010101010101
0101010101010101010101010101010101010101010101010101010100101010101010101010101010101010101010101010
1010101010101010101010101010101010101010101010101010101010101010101010101010101010101010101010101010
1010101010101010101010100010101010101010101010101010101010101010101010101010101010101010101010101010
1010101010101010101010101010101010101010101010001010101010101010101010101010101010101010101010101010
1010101010101010101010101010101010101010101010101010101010101010101010010101010101010101010101010101
0101010101010101010101010101010101010101010101010101010101010101010101010101010101010101010100010101
0101010101010101010101010101010101010101010101010101010101010101010101010101010101010101010101010101
0101010101010101001010101010101010101010101010101010101010101010101010101010101010101010101010101010
1010101010101010101010101010101010101010101010101010101010101010101010101010101010101010101010101010
1010101010101010101010101010101010101010101010101010101010101010010101010101010101010101010101010101
0101010101010101010101010101010101010101010101010101010101010101010101010101010101010100010101010101
0101010101010101010101010101010101010101010101010101010101010101010101010101010101010101010101010101
0101010101001010101010101010101010101010101010101010101010101010101010101010101010101010101010101010
1010101010101010101010101010101010101010101010101010101010101010101010101010101010101010101010101010
1010101010101010101010101010101010101010101010101010101010101010101010101010101010101010101010101010
1010101010101010101010101010101010101010101010101010101010101010101010101010101010101010101010101010
1010101010101010101010101010101010101010101010101010101010101010101010101010101010101010101010101010
1010101010101000101010101010101010101010101010101010101010101010101010101010101010101010101010101010
1010101010101010101010101010101010100101010101010101010101010101010101010101010101010101010101010101
0101010101010101010101010101010101010101010101010101010101010101010101010101010101010101010110?0????
????????????????????????????????????????????????????????????????????????????????????????????????????
????????????????????????????????????????????????????????????????????????????????????????????????????
????????????????????????????????????????????????????????????????????????????????????????????????????
????????????????????????????????????????????????????????????????????????????????????????????????????
????????????????????????????????????????????????????????????????????????????????????????????????????
????????????????????????????????????????????????????????????????????????????????????????????????????
???????????????????????????????????????????????????????????????????????????????????????????0????1010
1010101010110110101010101101010101010101010101010101010101010101010101000101010101010101010101010101
0101010101010101010101010110110110101010101011010101010101101010011010101101011011101010110101010101
0101010101010101010101010101010101010101010101010101010101010101010101010101010101010101010101001010
1010101010101010101010101010101010101010101010101010101010101010101010101010101010101010101010101010
1010101010101010101010101010101010101010101010101010101010101010101010101010101010101010101010101010
1010101010101010101010101010101010101010100101010101010101010101010101010101010101010101010101010101
0101010101010101010101010101010101010101010101010101010101010101000101010101010101010101010101010101
0101010101010101010101010101010101010101010101010101010100101010101010101010101010101010010101010101
0101010101010101010101010101010101010101010101010101010101010101010101010101010101010101010101010101
0101010101001010101010101010101010101010101010101010101010101010101010101010101010101010101010101010
1000101010101010101010101010101010101010101010101010101010101010101010101010101010101010101010101010
1010101010101010101010101010101010101010101010101101010101010101010010101010110101010100101010101010
1010101010101010101010101101010101010101010101101010101010101010101010101010101010010101010101010101
0101010101010101010101010101010101010101011101010101010101010101011010101010101010101101010101011100
00101010101011101110110101010010101010011?01001?0101110101011111010101010101010101010101010101010001
0101010101010101010101010101010101010101010101010101010101010101010101010101010101010101010101010101
0101010101010101010010101010101010101010101010101010101010101010101010101010101010101010101010101010
1010101010101010101010101010101010101010101001010101010101010101010101010101010101010101010101010101
0101010101010101010101010101010101010101010101010101010101010101010001010101010101010101010101010101
0101010101010101010101010101010101010101010101010101010101010101010101010101010101010101000101010101
0101010101010101010101010101010101010101010101010101010101010101010101010101010101010101010101010101
0101010101010010101010101010101010101010101010101010101010101010101010101010101010101010101010101010
1001010101010101010101010101010101010101010101010101010101010101010101010101010101010101010101010101
0101010101010101010101010101010101010101010101010101010101101010101000101010101010101010101010101010
1010101010101010101010101010101010101010101010101010101010101010101010101010101010101010101001010101
0101010101010101010101010101010101010101010110101010101010111110101010101101010101010000101010101101
0101111010101011001010110110101101101101101001010111101010101010101010101010101010101010101010101010
1010101010101010101010101010101010101010101010101010101010101010101010101010101010101010101010101010
1010101010101010101010101010101000101010101010101010101010101010101010101010101010101010101010101010
1010101010101010101010101010101010101010101010101010101010101010101010101010101010101010101010101010
1010101010101010101010101010101010101010101010101010101010101010101010101010101010101010101010101010
1010101010101010101010101010101010101010101010101010101010101010101010101010101010101010101010101010
1010101010101010101010101010101010101010101010101010101010101010101010101010101010101010101010101010
1010101010101010101010101001010101010101010101010101010101010101010101010101010101010101010101010101
0101010101010100101010101010101010101010101010101010101010101010101010101010101010101010101010101010
1010101010101010101010101010101010101010101010101010101010101010101010101010101010001010101010101010
1010101010101010101010101010101010101010101010101010101010101010101010101010101010101010101010101010
1010100101010101010101010101010101010101010101010101010101010101010101010101010101010101010101010101
0101010101010101010101010101010101010101010101010101010101010101010101010101010101010101010101010101
0101010101010101010101010101010101010101010101010101001010101010101010101010101010101010101010101010
1010101010101010101010101010101010101010101010101010101010101010101010101010010101010101010101010101
0101010101010101010101010101010101010101010101010101010101010101010101010101010101010101010101010100
0101010101010101010101010101010101010101010101010101010101010101010101010101010101010101010101010101
0101010101010101010100010101010101010101010101010101010101010101010101010101010101010101010101010101
0101010101010101010101010101010101010101010100101010101010101010101010101010101010101010101010101010
1010101010101010101010101010101010101010101010101010101010101010101001010101010101010101010101010101
0101010101010101010101010101010101010101010101010101010100010101010101010101010101010101010101010101
0101010101010101010101010101010101010101010101010101010101010101010101010101010101010101010101010101
0101010101010101010101010010101010101010101010101010101010101010101010101010101010101010101010101010
1010101010101010101010101010101010101010101010100101010101010101010101010101010101010101010101010101
0101010101010101010101010101010101010101010101010101010101010101010101010010101010101010101010101010
1010101010101010101010101010101010101010101010101010101010101010101010101010101010101010101010101010
1010101010101010101010101010101010101010101010101010101010101010101010101010101010101010101010101010
1010101010101010101000101010101010101010101010101010101010101010101010101010101010101010101010101010
1010101010101010101010101010101010101010101000101010101010101010101010101010101010101010101010101010
1010101010101010101010101010101010101010101010101010101010101010101001010101010101010101010101010101
0101010101010101010101010101010101010101010101010101010101010101010101010101010101010101010001010101
0101010101010101010101010101010101010101010101010101010101010101010101010101010101010101010101010101
0101010101010100101010101010101010101010101010101010101010101010101010101010101010101010101010101010
1010001010101010101010101010101010101010101010101010101010101010101010101010101010101010101010101010
1010101010101010101010101010101010101010010101010101010101010101010101001010101010101010101010101010
1010101010101010101010101010101010101010101010101010101010101010101010101010101010101010101010100101
0101010101010101010101010101010101010101010101010101010101010101010101010101010101010101010101010101
0101010101010101010100101010101010101010101010101010101010101010101010101010101010101010101010101010
1010101010101010101010101010101010101010100101010101010101010101010101010101010101010101010101010101
0101010101010101010101010101010101010101010101010101010101010101000101010101010101010101010101010101
0101010101010101010101010101010101101010101010101010101010101010101010101010101010101010100101010101
0101010101010101010101010101010101010101010101010101010101010101010101010101010101010101010101010101
0101010101010001010101010101010101010101010101010101010101010101010101010101010101010101010101010101
0101010101010101010101010101010101010010101010101010101010101010101010101010101010101010101010101010
1010101010101010101010101010101010101010101010101010101010101010101010101010101010101010101010101010
1010101010101010101010101010101010101010101010101001010101010101010101010101010101010101010101010101
0101010101010101010101010101010101010101010101010101010101010101010101010101010101010101010101010101
0101010101010101000101010101010101010101010101010101010101010101010101010101010101010101010101010101
0101010101010101010101010101010101010101001010101010101010101010101010101010101010101010101010101010
1010101010101010101010101010101010101010101010101010101010101010100101010101010101010101010101010101
0101010101010101010101010101010101010101010101010101010101010101010101010101010101010101010010101010
1010101010101010101010101010101010101010101010101010101010101010101010101010101010101010101010101010
1010101010101000101010101010101010101010101010101010101010101010101010101010101010101010101010101010
1010101010101010101010101010101010101001010101010101010101010101010101010101010101010101010101010101
0101010101010101010101010101010101010101010101010101010101010101010101010101010101010101010101010101
0101010101010101010101010101010101010101010101010101010101010101010101010101010101001010101010101010
1010101010101010101010101010101010101010101010101010101010101010101010101010101010101010101010101010
1010001010101010101010101010101010101010101010101010101010101010101010101010101010101010101000101010
1010101010101010101010101010101010101010101010101010101010101010101010101010101010101010101010101010
101010101010101010101010101011??1???????????????????????????????????????????????????????????????????
????????????????????????????????????????????????????????????????????????????????????????????????????
????????????????????????????????????????????????????????????????????????????????????????????????????
????????????????????????????????????????????????????????????????????????????????????????????????????
????????????????????????????????????????????????????????????????????????????????????????????????????
????????????????????????????????????????????????????????????????????????????????????????????????????
????????????????????????????????????????????????????????????????????????????????????????????????????
???????????????????????????00???1010101010101?101010110101010101010101010101010101010101010101010101
0101010101010101010101010101010101010101010101010101010101010110101010110101010101010010101010101010
1111010100001010101010101010010101010111010101010101010101010101010100101010101010101010101010101010
1010101010101010101010101010101101010101010101010101010100101010101010101010101010101010101010101010
1010101010101010101010101010101010101010101010101010101010101010101010101010101010101010101010101010
1010101010101010101010101010101010101010101010101010101010101010101010101010101010101010101010101010
1010101010101010101010101010101010101010101010010101010101010101010101010101010101010101010101010101
010101010101010101010101010101010101010101010101010101010101010101010?010101010101010101010101010101
0101010101010101010101010101010101010101010101010101010101010101010101010101010101010101010001010101
0101010101010101010101010101010101010101010101010101010101010101010101010101010101010101010101010101
0101010101010?01010101010101010101010101010101010101010101010101010101010101010101010101010101010101
0101010101010101010101010101010101010010101010101010101010101010101010101010101010111101010101011101
0101010101010100100101010101010101010101010101010001010101010101010101010101010101010101010101010101
0101010101010101010101010101010101010101010101010101010101010101010101001010101010101010101010101010
10101?101010101010101010110010101010100011001011010101101010101?1010101010101001101011?0010111001010
1?001?0110101010101010101010101010101010101010101010101010101010101010101010101010101010101010101010
1010101010101010101010101010101010101010101010101010101010101010101010101010101010101010101010101010
1010101010101010101001010101010101010101010101010101010101010101010101010101010101010101010101010101
0101010101010101010101010101010101010101010010101010101010101010101010101010101010101010101010101010
1010101010101010101010101010101010101010101010101010101010101010100101010101010101010101010101010101
0101010101010101010101010101010101010101010101010101010101010101010101010101010101010101010010101010
1010101010101010101010101010101010101010101010101010101010101010101010101010101010101010101010101010
1010101010101001010101010101010101010101010101010101010101010101010101010101010101010101010101010101
0101010101010101010101010101010101010001010101010101010101010101010101010101010101010101010101010101
0101010101010101010101010101010101010101010101010101010101010010101010101010101010101010101010101010
1010101010101010101010101010101010101010101010101010101010101010101010101010101010100101010101010101
0101010101010101010101010101010101010101010101010101010101010101010101010101010101010101010101010101
0101010010101010101010101010101010101010101010101010101010101010101010101010101010101010101010100101
0101010101010101010101010101010101010101010101010101010101010101010101010101010101010101010101010101
0101010101010101010101010101010101010101010101010101010101010101001010101010101010101010101010101010
1010101010101010101010101010101010101010101010101010101010101010101010101010101010101010010101010101
0101010101010101010101010101010101010101010101010101010101010101010101010101010101010101010101010101
0101010101001010101010101010101010101010101010101010101010101010101010101010101010101010101010101010
1010101010101010101010101010101010001010101010101010101010101010101010101010101010101010101010101010
1010101010101010101010101010101010101010101010101010101000101010101010101010101010101010101010101010
1010101010101010101010101010101010101010101010101010101010101010101010101010101001010101010101010101
0101010101010101010101010101010101010101010101010101010101010101010101010101010101010101010101010101
0100101010101010101010101010101010101010101010101010101010101010101010101010101010101010101010101010
1010101010101010101010101001010101010101010101010101010101010101010101010101010101010101010101010101
0101010101010101010101010101010101010101010101010010101010101010101010101010101010101010101010101010
1010101010101010101010101010101010101010101010101010101010101010101010101010101010101010101010101010
1010101010101010101010101010101010101010101010101010101010101010101010101010101010101010101010101010
1010101010101010101010101010101010101010101010101010101010101010101010101010101010101010101010101010
1010101010101010101010101010010101010101010101010101010101010101010101010101010101010101010101010101
0101010101010101010101010101010101010101010101010100101010101010101010101010101010101010101010101010
1010101010101010101010101010101010101010101010101010101010101010101010101001010101010101010101010101
0101010101010101010101010101010101010101010101010101010101010101010101010101010101010101010101010001
0101010101010101010101010101010101010101010101010101010101010101010101010101010101010101010101010101
0101010101010101010100101010101010101010101010101010101010101010101010101010101010101010101010101010
1010101010101010101010101010101010101010101000101010101010101010101010101010101010101010101010101010
1010101010101010101010101010101010101010101010101010101010101010100010101010101010101010101010101010
1010101010101010101010101010101010101010101010101010101010101010101010101010101010101010010101010101
0101010101010101010101010101010101010101010101010101010101010101010101010101001010101010101010101010
1010101010101010101010101010101010101010101010101010101010101010101010101010101010101010101010101010
1010101010101010101010101010101010101010100101010101010101010101010101010101010101010101010101010101
0101010101010101010101010101010101010101010101010101010101010101001010101010101010101010101010101010
1010101010101010101010101010101010101010101010101010101010101010101010101010101010101010001010101010
1010101010101010101010101010101010101010101010101010101010101010101010101010101010101010101010101010
1010101010001010101010101010101010101010101010101010101010101010101010101010101010101010101010101010
1010101010101010101010101010101000101010101010101010101010101010101010101010101010101010101010101010
1010101010101010101010101010101010101010101010101010101001010101010101010101010101010101010101010101
0101010101010101010101010101010101010101010101010101010101010101010101010101010010101010101010101010
1010101010101010110101010101010101010101010101010101010101010101010101010101010101010101010101010101
0101010101010101010101010101010101010101010101010101010101010101010101010101010101010101010101010101
0101010101010101010100101010101010101010101010101010101010101010101010101010101010101010101010101010
1010101010101010101010101010101010101010101010101010101010101010101010101010101010101010101010101010
1010101010101010101010101010101010101010101010101010101010101010101010101010010101010101010101010101
0101010101010101010101010101010101010101010101010101010101010101010101010101010101010101010101010100
1010101010101010101010101010101010101010101010101010101010101010101010101010101010101010101010101010
1010101010101010101010001010101010101010101010101010101010101010101010101010101010101010101010101010
1010101010101010101010101010101010101010101010010101010101010101010101010101010101010101010101010101
0101010101010101010101010101010101010101010101010101010101010101010100101010101010101010101010101010
1010101010101010101010101010101010101010101010101010101010101010101010101010101010101010101001010101
0101010101010101010101010101010101010101010101010101010101010101010101010101010101010101010101010101
0101010101010100101010101010101010101010101010101010101010101010101010101010101010101010101010101010
1010101010101010101010101010101010101001010101010101010101010101010101010101010101010101010101010101
0101010101010101010101010101010101010101010101010101010101010010101010101010101010101010101010101010
1010101010101010101010101010101010101010101010100010101010101010101010101010101010101010101010101010
1010101010101010101010101010101010101010101010101010101010101010101010101010101010101010101010101010
1010101010101010101010101010101010101010101010101010101010101010101010101010101010101010101010101010
1010101010101010101010101010101010101001010101010101010101010101010101010101010101010101010101010101
0101010101010101010101010101010101010101010101010101010101010010101010101010101010101010101010101010
1010101010101010101010101010101010101010101010101010101010101010101010101010101010100101010101010101
0101010101010101010101010101010101010101010101010101010101010101010101010101010101010101010101010101
0101010010101010101010101010101010101010101010101010101010101010101010101010101010101010101010101010
1010101010101010101010101010100010101010101010101010101010101010101010101010101010101010101010101010
10101011??1?????????????????????????????????????????????????????????????????????????????????????????
????????????????????????????????????????????????????????????????????????????????????????????????????
????????????????????????????????????????????????????????????????????????????????????????????????????
????????????????????????????????????????????????????????????????????????????????????????????????????
??????????????????????????????????????????????????00????????????????????????????????????????????????
????????????????????????????????????????????????????????????????????????????????????????????????????
????????????????????????????????????????????????????????????????????????????????????????????????????
??????????11?110101010110101001010101101010101010101010101010101010101010101010101010101010101010101
0101010101010101010101010101010101010101010101010101010100010101010100101101000100101010101101111110
1001011010101010101010101010101010101010101010101010101010100010101010101010101010101010101010101010
1010101010101010101010101010101010101010101010101010101010101010101010101010101010100101010101010101
0101010101010101010101010101010101010101010101010101010101010101010101010101010101010101010101010101
0101010010101010101010101010101010101010101010101010101010101010101010101010101010101010101010101010
1010101010101010101010101010101010101010101010101010101010101010101010101010101010101010101010101010
1010101010101010101010101010101010101010101010101010101010101010101010101010101010101010101010101010
1010101010101010101010101010101010101010010101010101010101010101010101010101010101010101010101010101
0101010101010101010101010101010101010101010101010101010101010101010101010101010101010101010101010101
0101010001010101010101010101010101010101010101010101010101010101010101010101010101010101010101010101
0101010101010101010101010101001011010101010111010101011010110101010101010110101010101010101010101010
1010101010101010101011010101010100010101010101010101010101010101010101010101010101010101010101010101
0101010101010101010101010101010110101010101010101010101011101010101010101010110010101010110000010101
01111011010101010101010110101010101010100010110101010101?0101101010101010101010101010101010101010101
0101010101010101010101010101010101010101010101010101010101010101010101010101010101010101010101010101
0101010101010101010101010101010101010101010101010101010101010101010101010101010101010101010101010010
1010101010101010101010101010101010101010101010101010101010101010101010101010101010101010101010101010
1010101010101010101001010101010101010101010101010101010101010101010101010101010101010101010101010101
0101010101010101010101010101010101010101010010101010101010101010101010101010101010101010101010101010
1010101010101010101010101010101000101010101010101010101010101010101010101010101010101010101010101010
1010101010101010101010101010101010101010101010101010101010101010101010101010101010101010101010101010
1010101010101010101010101010101010101010101010101010101010101010101010101010101010101010101010101010
1010101010101010101010010101010101010101010101010101010101010101010101010101010101010101010101010101
0101010101011010101010101010101010101010101000101010101010101010101010101010101010101010101010101010
1010101010101010101010101010101010101010101010101010101010101010101001010101010101010101010101010101
0101010101010101010101010101010101010101010101010101010101010101010101010101010101010101010001010101
0101010101010101010101010101010101010101010101010101010101010101010101010101010101010101010101010101
0101010101010100101010101010101010101010101010101010101010101010101010101010101010101010101010101010
1010101010101010101010101010101010101000101010101010101010101010101010101010101010101010101010101010
1010101010101010101010101010101010101010101010101010101010101010101010101010101010101010101010101010
1010101010101010101010101010101010101010101010101010101010101010101010101010101010100101010101010101
0101010101010101010101010101010101010101010101010101010101010101010101010101010101010101010101010101
0101010101010101010101010101010101010101010101010101010101010101010101010101010101010101010101010101
0101010101010101010101010101010101010100101010101010101010101010101010101010101010101010101010101010
1010101010101010101010101010101010101010101010101010101010101001010101010101010101010101010101010101
0101010101010101010101010101010101010101010101010101010101010101010101010101010101010100101010101010
1010101010101010101010101010101010101010101010101010101010101010101010101010101010101010101010101010
1010101010010101010101010101010101010101010101010101010101010101010101010101010101010101010101010101
0101010101010101010101010101010100010101010101010101010101010101010101010101010101010101010101010101
0101010101010101010101010101010101010101010101010101010100101010101010101010101010101010101010101010
1010101010101010101010101010101010101010101010101010101010101010101010101010101001010101010101010101
0101010101010101010101010101010101010101010101010101010101010101010101010101010101010101010101010101
0100101010101010101010101010101010101010101010101010101010101010101010101010101010101010101010101010
1010101010101010101010101001010101010101010101010101010101010101010101010101010101010101010101010101
0101010101010101010101010101010101010101010101010101010101010101010101010101010101010101010101010101
0101010101010101010101010101010101010101010101010101010101010101010101010101010100101010101010101010
1010101010101010101010101010101010101010101010101010101010101010101010101010101010101010101010101010
1010010101010101010101010101010101010101010101010101010101010101010101010101010101010101010101010101
0101010101010101010101010100101010101010101010101010101010101010101010101010101010101010101010101010
1010101010101010101010101010101010101010101010101000101010101010101010101010101010101010101010101010
1010101010101010101010101010101010101010101010101010101010101010101010100010101010101010101010101010
1010101010101010101010101010101010101010101010101010101010101010101010101010101010101010101010100101
0101010101010101010101010101010101010101010101010101010101010101010101010101010101010101010101010101
0101010101010101010010101010101010101010101010101010101010101010101010101010101010101010101010101010
1010101010101010101010101010101010101010100101010101010101010101010101010101010101010101010101010101
0101010101010101010101010101010101010101010101010101010101010101001010101010101010101010101010101010
1010101010101010101010101010101010101010101010101010100101010101010101010101010101010101010101010101
0101010101010101010101010101010101010101010101010101010101010101010101010101010101010101010101010101
0101010101010101010100101010101010101010101010101010101010101010101010101010101010101010101010101010
1010101010101010101010101010101010101010101001010101010101010101010101010101010101010101010101010101
0101010101010101010101010101010101010101010101010101010101010101010001010101010101010101010101010101
0101010101010101010101010101010101010101010101010101010101010101010100101010101010101010100101010101
0101010101010101010101010101010101010101010101010101010101010101010101010101010101010101010101010101
0101010101010010101010101010101010101010101010101010101010101010101010101010101010101010101010101010
1010101010101010101010101010101010100101010101010101010101010101101010101010101010101010101010101010
1010101010101010101010101010101010101010101010101010101010001010101010101010101010101010101010101010
10101010101010101010101010101010101010101010101010101010101010101010101010101010?0101010101010101010
1010101010101010101010101010101010101010101010101010101010101010101010101010101010101010101010101010
1001010101010101010101010101010101010101010101010101010101010101010101010101010101010101010101010101
0101010101010101010101010101010101010101010101010101010101010101010101010101010101010101010101010101
0101010101010101010101010101010101010101010101010101010100101010101010101010101010101010101010101010
1010101010101010101010101010101010101010101010101010101010101010101010101010101001010101010101010101
0101010101010101010101010101010101010101010101010101010101010101010101010101010101010101010101010101
0100101010101010101010101010101010101010101010101010101010101010101010101010101010101010101010101010
1010101010101010101010101001010101010101010101010101010101010101010101010101010101010101010101010101
0101010101010101010101010101010101010101010101010010101010101010101010101010101010101010101010101010
1010101010101010101010101010101010101010101010101010101010101010101010100010101010101010101010101010
1010101010101010101010101010101010101010101010101010101010101010101010101010101010101010101010001010
1010101010101010101010101010101010101010101010101010101010101010101010101010101010101010101010101010
1010101010101010100101010101010101010101010101010101010101010101010101010101010101010101010101010101
0101010101010101010101010101010101010101101010101010101010101010101010101010101010101010101010101010
1010101010101010101010101010101010101010101010101010101010101010101010101010101010101010101010101010
1010101010101010101010101010101010101010101010101010101010101010101010101010101010101010101010100101
0101010101010101010101010101010101010101010101010101010101010101010101010101010101010101010101010101
010101010101010100010101010101010101010101010101010101010101010101010101010101010110????????????????
????????????????????????????????????????????????????????????????????????????????????????????????????
????????????????????????????????????????????????????????????????????????????????????????????????????
????????????????????????????????????????????????????????????????????????????????????????????????????
????????????????????????????????????????????????????????????????????????????????????????????????????
????????????????????????????????????????????????????????????????????????????????????????????????????
????????????????????????????????????????????????????????????????????????????????????????????????????
????????????????????????????????????????????????????????????????????????????????????????11??11010101
0101010111101011010101010101010101010101010101010101010101010101010101010101010101010101010101010101
0101001010101010101010101011010101010101010100101010101011101?01010101010100100111011011111011111110
1010101010101010101010101010101010101010101010101010010101010101010101010101010101010101010101010101
0101010101010101010101010101010101010101010101010101010101010101010101010100010101010101010101010101
0101010101010101010101010101010101010100101010101010101010101010101010101010101010101010101010101001
0101010101010101010101010101010101010101010101010101010101010101010101010101010101010101010101010101
0101010101010101010101001010101010101010101010101010101010101010101010101010101010101010101010101010
1010101010101010101010101010101010101010101010010101010101010101010101010101010101010101010101010101
0101010101010101010101010101010101010101010101010101010101010101010101001010101010101010101010101010
1010101010101010101010101010101010101010101010101010101010101010101010101010101010101010101010100101
0101010101010101010101010101010101010101010101010101010101010101010101010101010101010101010101010101
0101010101010101010110101101101010100101010101011110110101101101010101010101010101101110101010101010
1010101010101010101011010100101010101010101101010101010101010101010101010101010101010101010101010101
0101010101010010101011010101010101010101101010101010100010101010101111101010101010101010101010101011
101011?011010111000100101?01010101010101010101010101010101010101010101010101010101010101010101010101
0101010101010101010101010101010101010101010101010101010101010101010101010101010101010101010101010101
0101010101010101010101010101010101010101010101010101010101010101010101010101010101010101010101010010
1010101010101010101010101010101010101010101010101010101010101010101010101010101010101010101010101010
1010101010101010101010101010101010101010101010101010101010101010101010101010101010101010101010101010
1010101010101010101010101010101010101010101001010101010101010101010101010101010101010101010101010101
0101010101010101010101010101010101010101010101010101010101010101010001010101010101010101010101010101
0101010101010101010101010101010101010101010101010101010101010101010101010101010101010101010101010101
0101010101010101010101010101010101010101010101010101010101010101010101010101010101010101010101010101
0101010101010101010101010101010101010101010101010101010101010101010101010101010101010101010101010101
0101010101010101010101010101010101010010101010101010101010101010101010101010101010101010101010101010
1010101010101010101010101010100101010101010101010101010101010101010101010101010101010101010101010101
0101010101010101010101010101010101010101010101010101010101010101010101010101010101010101010101001010
1010101010101010101010101010101010101010101010101010101010101010101010101010101010101010101010101010
1010101010101010100010101010101010101010101010101010101010101010101010101010101010101010101010101010
1010101010101010101010101010101010101010100101010101010101010101010101010101010101010101010101010101
0101010101010101010101010101010101010101010101010101010101010100101010101010101010101010101010101010
1010101010101010101010101010101010101010101010101010101010101010101010101010101010101000101010101010
1010101010101010101010101010101010101010101010101010101010101010101010101010101010101010101010101010
1010101010010101010101010101010101010101010101010101010101010101010101010101010101010101010101010101
0101010101010101010101010100010101010101010101010101010101010101010101010101010101010101010101010101
0101010101010101010101010101010101010101010101010101010101010101010101010101010101010101010101010101
0101010101010101010101010101010101010101010101010101010101010101010101001010101010101010101010101010
1010101010101010101010101010101010101010101010101010101010101010101010101010101010101010101010101010
1010101010101010101010101010101010101010101010101010101010101010101010101010101010101010101010101010
1010101010101010101010010101010101010101010101010101010101010101010101010101010101010101010101010101
0101010101010101010101010101010101010101010101001010101010101010101010101010101010101010101010101010
1010101010101010101010101010101010101010101010101010101010101010101010010101010101010101010101010101
0101010101010101010101010101010101010101010101010101010101010101010101010101010101010101010001010101
0101010101010101010101010101010101010101010101010101010101010101010101010101010101010101010101010101
0101010101010100101010101010101010101010101010101010101010101010101010101010101010101010101010101010
1010101010101010101010101010101010101010010101010101010101010101010101010101010101010101010101010101
0101010101010101010101010101010101010101010101010101010101010100010101010101010101010101010101010101
0101010101010101010101010101010101010101010101010101010101010101010101010101010101001010101010101010
1010101010101010101010101010101010101010101010101010101010101010101010101010101010101010101010101010
1010100101010101010101010101010101010101010101010101010101010101010101010101010101010101010101010101
0101010101010101010101010101010101010101010101010101010101010101010101010101010101010101010101010101
0101010101010101010101010101010101010101010101010101010101010100101010101010101010101010101010101010
1010101010101010101010101010101010101010101010101010101010101010101010101010101010101001010101010101
01010
