Samples:
KEY:
1010101010101010101010101010101010101010101010101010010101010101010101010101010101010101010101010101
0101010101010101010101010101010101010101010101010101010101010101010101010010101010101010101010101010
1010101010101010101011??????????????????????????????????????????????????????????????????????????????
????????????????????????????????????????????????????????????????????????????????????????????????????
????????????????????????????????????????????????????????????????????????????????????????????????????
????????????????????????????????????????????????????????????????????????????????????????????????????
????????????????????????????????????????????????????????????????????????????????????????????????????
?????????????????????0?001?????????????????????????????????????????????????????????????????1????????
???????????????????????????????????????????????????0??????????0??????????????1???011100???????00?0?0
?????00100?11111101111101010101010101010101010101010101010101010101010101010101010101010101010101010
1010101010101010101010101010101010101010101010101010101010101010101010101010101010101010101010101010
0101010101010101010101010101010101010101010101010101010101010101010101010101010101010101010101010101
0101010101010101010101001010101010101010101010101010101010101010101010101010101010101010101010101010
1010101010101010101010101010101010101010101010010101010101010101010101010101010101010101010101010101
0101010101010101010101010101010101110101010101010101010101010101010101010101010101010101010101010101
0101010101010101010101010101010101010101010101010101010101010101010101010101010101010101010101010101
1010101010101010101010101010101010101010101010101010101010101010101010101010101010101010101010101010
1010101010101010101010001010101010101010101010101010101010101010101010101010101010101010101010101010
1010101010101010101010101010101011011011010101010101010101101010110110110110101101010101010101101010
1011101010101101010101111010101010101010101001010101101011010111010111010111110010111101010110110101
1101010101010111101010110101101010101011111111111110111110110101111110010111111101101010101011010101
0101010101010101010111101101010101011010101101?10101111011101011110101101101011111110111101011101010
1010100101101010101010101101000101011011110101011010101111101101010101010101010101010101010101010101
0101010101010101010101010101010101010101010101010101010101010101010101010101010101010101010101010101
0101010101010101010101010101010101010101010101011010101010101010101010101010101010101010101010101010
1010101010101010101010101010101010010101010101010101010101010101010101010101010101010101010101010101
0101010101010101010101010101010101010101010101010101010101010101010101010101010101010101010101010101
0010101010101010101010101010101010101010101010101010101010101010101010101010101010101010101010101010
1010101010101010101010100101010101010101010101010101010101010101010101010101010101010101010101010101
0101010101010101010101010101010101010101010101010101010101010101010101010101010101010101010101010101
0101010101010101010101010101010101010101010101010101010101010101010100101010101010101010101010101010
1010101010101010101010101010101010101010101010101010101010101010101010101010101010101010101010101010
1010101010101010101010101010101010101010101010101010101010101010101010101010101010101010101010101010
1010101010101001010101010101010101010101010101010101010101010101010101010101010101010101010101010101
0101010101010101010101010101010101000101010101010101010101010101010101010101010101010101010101010101
0101010101010101010101010101010101010101010101010101010101010101010101010101010101010101010101010101
0101010101010101010101010101010101010101010101010101010101010101010101010101010110101010101010101010
1010101010101010101010101010101010101010101010101010101010101010101010101010101010101010101010101010
1010101010101010101010101010101010101010101010101010101010101010101010101010101010101010101010101010
1010101010101010101010101010101010101010101010101010101010101010101010101010101010101010101010101010
1010101010101010101010101010101010101010101010101010101010001010101010101010101010101010101010101010
1010101010101010101010101010101010101010101010101010101010101010101010101010101000101010101010101010
1010101010101010101010101010101010101010101010101010101010101010101010101010101010101010101010101010
1010101010101010101010101010101010101010101010101010101010101010101010101010101010101010101010101010
1010101010101010101010101010101010101010101010101010101010101010101010101010101010101010101010101010
1010101010101010101010101010101010101010101010101010101010101010101010101010101010101010101010101010
1010101010101010101010101010101010101010101010101010101010101010100101010101010101010101010101010101
0101010101010101010101010101010101010101010101010101010101010101010101010101010101010101010101010101
0101010101010101010101010101010101010101010101010101010101010101010101010101010101010101010101010101
0101010101001010101010101010101010101010101010101010101010101010101010101010101010101010101010101010
1010101010101010101010101010101010101010101010101010101010101010101010101010101010101010101010101010
1010101010101010101010101010101010101010101010101010101010101010101001010101010101010101010101010101
0101010101010101010101010101010101010101010101010101010101010101010101010101010101010101010010101010
1010101010101010101010101010101010101010101010101010101010101010101010101010101010101010101010101010
1010101010101010101010101010101010101010101010101010101010101010101010101010101010101010101010101010
1010101010101010101010101010101010101010101010101010101010101010101010101010101010101010101010101010
1010101010101010101010101010101010101010101010101010101000101010101010101010101010101010101010101010
1010101010101010101010101010101010101010101010101010101010101010101010101010101010101010101010101010
1010101010101010101010101010101010101010101010101010101010101010101010101010101010101010101010101010
1001010101010101010101010101010101010101010101010101010101010101010101010101010101010101010101010101
0101010101010101010101010101010101010101010101010101010101010101010101010101010101010101010101010101
0101010101010101010101010101010101010101010101001010101010101010101010101010101010101010101010101010
1010101010101010101010101010101010101010101010101010101010101010101010101010111010101110101010101010
1010101010101010101010101010101010101010101010101010101010101010101010101010101010101010101010101010
1001010101010101010101010101010101010101010101010101010101010101010101011101010101010101010101010101
0101010101010101010101010110101010101010101010101010101010101010101010101010101010101010101010101010
1010101010101010101010101010101010101010101010100101010101010101010101010101010101010101010101010101
0101010101010101010101010101010101010101010101010101010101010101010101011010101010101010101010101010
1010101010101010101010101010101010101010101010101010101010101010101010101010101010101010101010101010
1010101010101010101010101010101010101010101010101010101010101010101010101010101010101010101010101010
1010101010101010101010101010101010101010101010101010101010101010101010101010101010101010101010101010
1010101010101010101010101010101010101010101010101010101010101010101010101010101010101010101010101010
1010101010101010101010101010101010101010101010101010101010100101010101010101010101010101010101010101
0101010101010101010101010101010101010101010101010101010101010101010101010101010101001010101010101010
1010101010101010101010101010101010101010101010101010110101010101010101010100101010101010101010101010
1010101010101010101010101010101010101010101010101010101010101010101010101010101010101010101010101010
1010101010101010101010101010101010101010100101010101010101010101010101010101010101010101010101010101
0101010101010101010101010101010101010101010101010101010101010101001010101010101010101010101010101010
1010101010101010101010101010101010101010101010101010101010101010101010101010101010101010010101010101
0101010101010101010101010101010101010101010101010101010101010101010101010101010101010101010101010101
0101010101010101010101010101010101010101010101010101010101010101010101010101010101010101010101010101
0101010101010101010101010101010100010101010101010101010101010101010101010101010101010101010101010101
0101010101010101010101010101010101010101010101010101010110101010101010101010101010101010101010101010
1010101010101010101010101010101010101010101010101010101010101010101010101010101001010101010101010101
0101010101010101010101010101010101010101010101010101010101010101010101010101010101010101010101010101
0100101010101010101010101010101010101010101010101010101010101010101010101010101010101010101010101010
1010101010101010101010101001010101010101010101010101010101010101010101010101010101010101010101010101
0101010101010101010010101010101010101010101010101010101010101010101010101010101010101010101010101010
1010101010101010101010101010101010101010101010101010101010101010101010101010101010101001010101010101
0101010101010101010101010101010101010101010101010101010101010101010101010101010101010101010101010101
0101010100101010101010101010101010101010101010101010101010101010101010101010101010101010101010101010
1010101010101010101010101010101001010101010101010101010101010101010101010101010101010101010101010101
0101010101010101010101010101010101010101010101010101010001010101010101010101010101010101010101010101
0101010101010101010101010101010101010101010101010101010101010101010101010101010101010101010101010101
0101010101010101010101010101010101010101010101010101010101010101010101010101010101010101011?????????
????????????????????????????????????????????????????????????????????????????????????????????????????
????????????????????????????????????????????????????????????????????????????????????????????????????
????????????????????????????????????????????????????????????????????????????????????????????????????
????????????????????????????????????????????????????????????????????????????????????????????????????
????????????????????????????????????????????????????????????????????????????????????????????????????
????????????????????????????????????????????????????????????????????????????????????????????????????
????????????????????????????????????????????????????????????????????????????????????????????????1101
1010101010101011101101010101010101010101010101010101010101010101010101010101010101010101010101010101
010101010010101010101010101010101010101010100101101?001010101011010101011?101101111111110101011?1110
1010101010101001010101010101010101010101010101010101010101010101010101010101010101010101010101010101
0101010101010101010101010101010101010010101010101010101010101010101010101010101010101010101010101010
1010101010101010101010101010101010101010101010101010101010100010101010101010101010101010101010101010
1010101010101010101010101010101010101010101010101010101010101010101010101010101010001010101010101010
1010101010101010101010101010101010101010101010101010101010101010101010101010101010101010101010101010
1010100101010101010101010101010101001010101010101010101010101010101010101010101010101010101010101010
1010101010101010101010101010101010101010101010101010101010101010101010101010101010101010101010101010
1010101010101010101010101010101010101010101010101010101010101010101010101010101010101010101010101010
1010101010101010101010101010101010101010101010101010101010101010101010101010101010101101010101010101
0101010101010101010101010101101101110101010101011011011101101010101010101100101010101010101101011010
1011010101101010101010101010101011110101110101010101010101010101010101010101010101010101010101010101
0101010010101010101010101010101011010101010101010101010101010101010011010101011111111011111010110101
0111101101010101010110101011101001010101010101101010100101010101010101010101010101010101010101010101
0101010101010101010101010101001010101010101010101010101010101010101010101010101010101010101010101010
1010101010101010101010101010101010101010101010101010010101010101010101010101010101010101010101010101
0101010101010101010101010101010101010101010101010101010101010101010101010100101010101010101010101010
1010101010101010101010101010101010101010101010101010101010101010101010101010101010101010101010101010
0101010101010101010101010101010101010101010101010101010101010101010101010101010101010101010101010101
0101010101010101010101001010101010101010101010101010101010101010101010101010101010101010101010101010
1010101011101010101010101010101010101010101010101010101010101010101010101010101010101010101010101010
1010101010101010101010101010101010101010101010101010101010101010101010101011010101010101010101010101
0101010101010101010101010101010101010101010101010101010101010101010101010101010101010101010101010101
0101010101010101010101010101010101010101010101010101010101010101010101010101010101010101010101010101
0101010101010101010001010101010101010101010101010101010101010101010101010101010101010101010101010101
0101010101010101010101010101010101010101010101010101010101010101010101010101010101010101010101010101
0101010101010101010101010101010101010101010101010101010101010100101010101010101010101010101010101010
1010101010101010101010101010101010101010101010101010101010101010101010101010101010101001010101010101
0101010101010101010101010101010101010101010101010101010101010101010101010101010101010101010101010101
0101010101010101010101010101010101010101010101010101010101010101010101010101010101010101010101010101
0101010101010101010101010101010010101010101010101010101010101010101010101010101010101010101010101010
1010101010101010101010101010101010101010101010101010001010101010101010101010101010101010101010101010
1010101010101010101010101010101010101010101001010101010101010101010101010101010101010101010101010101
0101010101010101010101010101010101010101010101010101010101010101010101010101010101010101010101010101
0101010100010101010101010101010101010101010101010101010101010101010101010101010101010101010101010101
0101010101010101010101010101010100101010101010101010101010101010101010101010101010101010101010101010
1010101010101010101010101010101010101010101010101010101010101010101010101010101010101010101010101010
1010101010101010101010101010101010101010101010101010101010101010101010101010100101010101010101010101
0101010101010101010101010101010101010101010101010101010101010101010101010101010101010101010101010101
0010101010101010101010101010101010101010101010101010101010101010101010101010101010101010101010101010
1010101010101010101010101010101010101010101010101010101010101010101010101010101010101010101010101010
1010101010101010101010101010101010101010101010010101010101010101010101010101010101010101010101010101
0101010101010101010101010101010101010101010101010101010101010101010100010101010101010101010101010101
0101010101010101010101010101010101010101010101010101010101010101010101010101010101010101010010101010
1010101010101010101010101010101010101010101010101010101010101010101010101010101010100101010101010101
0101010101010101010101010101010101010101010101010101010101010101010101010101010101010101010101010101
0101010101010101010101010101010101010101010101010100101010101010101010101010101010101010101010101010
1010101010101010101010101010101010101010101010101010101010101010101010101001010101010101010101010101
0101010101010101010101010101010101010101010101010101010101010101010101010101010101010101010101010010
1010101010101010101010101010101010101010101010101010101010101010101010101010101010101010101010101010
1010101010101010101000101010101010101010101010101010101010101010101010101010101010101010101010101010
1010101010101010101010101010101010101010101010101010101010101010101010101010101010101010101010101010
1010101010101010101010101010101010101010101010101010101010101010100101010101010101010101010101010101
0101010101010101010101010101010101010101010101010101010101010101010101010101010101010101010101010101
0101010101010101010101010101010101010101010101010101010101010101010101010101010101010101010101010101
0101010101011010101010101010101010101010101010101010101010101010101010101010101010101010101010101010
1010101010101010101010101010101010010101010101010101010101010101010101010101010101010101010101010101
0101010101010101010101010100101010101010101010101010101010101010101010101010101010101010101010101010
1010101010101010101010101010101010101010101010101010101010101010101010101010101010101010101010010101
0101010101010101010101010101010101010101010101010101010101010101010101010101010101010101010101010101
0101010101010101011010101010101010101010101010101010101010101010101010101010101010101010101010101010
1010101010101010101010101010101010101010101010101010101010101010101010101010101010101010101010101010
1010101010101010101010101010101010101010101010101010101010101010101010101010101010101010101010101010
1010101010101010101010101010101010101010101010101010101010101010101010101010101010100101010101010101
0101010101010101010101010101010101010101010101010101010101010101010101010101010101010101010101010101
0101010101010100101010101010101010101010101010101010101010101010101010101010101010101010101010101010
1010101010101010101010101010101101010101010101010101010101010101010101010101010101010101010101010101
0101010101010101010101010101010101010101010101010101000101010101010101010101010101010101010101010101
0101010101010101010101010101010101010101010101010101010101010101010101010100101010101010101010101010
1010101010101010101010101010101010101010101010101010101010101010101010101010101010101010101010101010
1010101010101010101010101010101010101010101010101010101010101010101010101010101010101010101010101010
1010101010101010101010101010101010010101010101010101010101010101010101010101010101010101010101010101
0101010101010101010101010101010101010101010101010101010100101010101010101010101010101010101010101010
1010101010101010101010101010101010101010101010101010101010101010101010101010101001010101010101010101
0101010101010101010101010101010101010101010101010101010101010101010101010101010101010101010101010101
0101101010101010101010101010101010101010101010101010101010101010101010101010101010101010101010101010
1010101010101010101010101010101010101010101010101010101010101010101010101010101010101010101010101010
1010101010101010101010101010101010101010101010100101010101010101010101010101010101010101010101010101
0101010101010101010101010101010101010101010101010101010101010101010101001010101010101010101010101010
1010101010101010101010101010101010101010101010101010101010101010101010101010101010101010101010010101
0101010101010101010101010101010101010101010101010101010101010101010101010101010101010101010101010101
0101010101010101001010101010101010101010101010101010101010101010101010101010101010101010101010101010
1010101010101010101010101010101010101010101010101010101010101010101010101010101010101010101010101010
1010101010101010101010101010101010101010101010101010101010101010101010101001010101010101010101010101
010101010101010101010101010101010101010101010101010101010101010101010101010101011???????????????????
????????????????????????????????????????????????????????????????????????????????????????????????????
????????????????????????????????????????????????????????????????????????????????????????????????????
????????????????????????????????????????????????????????????????????????????????????????????????????
????????????????????????????????????????????????????????????????????????????????????????????????????
????????????????????????????????????????????????????????????????????????????????????????????????????
????????????????????????????????????????????????????????????????????????????????????????????????????
??????????????????????????????????????????????????????????????????????????????????????110?11?0101010
1010101010101010101010101010101010101010101010101010101010101010101010101010101010101010101010010101
1010101010101010110101010101010101101010101010101010101010100101010101011110101011110110101101010101
0010101010101010101010101010101010101010101010101010101010101010101010101010101010101010101010101010
1010101010101010101010101010101010010101010101010101010101010101010101010101010101010101010101010101
0101010101010101010101010101010101010101010101010101010101010101010101010101010101010101010101010101
0101010101010101010101010101010101010101010101010101010101010101010101010101001010101010101010101010
1010101010101010101010101010101010101010101010101010101010101010101010101010101010101010101010101010
0101010101010101010101010101010101010101010101010101010101010101010101010101010101010101010101010101
0101010101010101010101001010101010101010101010101010101010101010101010101010101010101010101010101010
1010101010101010101010101010101010101010101000101010101010101010101010101010101010101010101010101010
1010101010101010101010101010101010101010101010101010101010101010101101010101010101010101010101010101
01010110111111010101010101010101010101010101010101010?1010101010101010101011010101101010101010101010
1010101010101111010111010101010101101010101010101010101010101010101010101010101010101010010101010101
0101010101101010101010101110101010101010101010101010101010101010101010101010101101010101010101010101
0101101110101111111110011101111101101011101111010101010101010101010110110101010101011111101101010101
0101010101010101010100101010101010101010101010101010101010101010101010101010101010101010101010101010
1010101010101010101010101010101010101010101001010101010101010101010101010101010101010101010101010101
0101010101010101010101010101010101010101010101010101010101010101010010101010101010101010101010101010
1010101010101010101010101010101010101010101010101010101010101010101010101010101010101010101010101010
1010101010101010101010101010101010101010101010101010101010101010101010101010101010101010101010101010
1010101010010101010101010101010101010101010101010101010101010101010101010101010101010101010101010101
0101010101010101010101010101010100101010101010101010101010101010101010101010101010101010101010101010
1010101010101010101010101010101010101010101010101010101011010101010101010101010101010101010101010101
0101010101010101010101010101010101010101010101010101010101010101010101010101010010101010101010101010
1010101010101010101010101010101010101010101010101010101010101010101010101010101010101010101010101010
1001010101010101010101010101010101010101010101010101010101010101010101010101010101010101011010101010
1010101010101010101010101010101010101010101010101010101010101010101010101010101010101010101010101010
1010101010101010101010101010101010101010101010101010101010101010101010101010101010101010101010101010
1010101010101010101010101010101010101010101010101010101010101010101010101010101011101010101010101010
1010101010101010101010101010101010101010101010101010101010101010101010101010101010101010101010101010
1010101010101010101010101010101010101010101010101010101010101010101010101010101010101010101010101010
1010101010101010101010010101010101010101010101010101010101010101010101010101010101010101010101010101
0101010101010101010101010101010101010101010101010101010101010101010101010101010101010101010101010101
0101010101010101010101010101010101010101010101010101010101?10101011010101010101010101010101010101010
1010101010101010101010101010101010101010101010101010101010101010101010101010101010101010101010101010
1010101010101010101010101010101010101010101010101010101010101010101010101010101010101010101010101010
1010101010010101010101010101010101010101010101010111010101010101010101010101010101010101010101010101
0101010101010101010101010101010100101010101010101010101010101010101010101010101010101010101010101010
1010101010101010101010100101010101010101010101010101010101010101010101010101010101010101010101010101
0101010101010101010101010101010101010101010101010101010101010101010101010101010101010101010101010101
0101010101010101010101010101010101010101010101010101010101010101010101010101010101010101010101010101
0101010101010010101010101010101010101010101010101010101010101010101010101010101010101010101010101010
1010101010101010101010101010101010101010101010101010101010101010101010101010101010101010101010101010
1010101010101010101010101010101010101010101010101010101010101010101010101010101010101010101010101010
1010101010101010101010101010101010101010101010101010101010101010101010101010101010101010101010101010
1010101010101010101010101010101010101010101010101010101010101010101010101010101010101010101010101010
1010101010101010101010101010101010101010101010101010101010101010101010101010101010101010101010101010
1010101010101010101010110101010101010101010101010101010101010101010101010101010101010101010101010101
0101010101010101010101010101010101010101010100101010101010101010101010101010101010101010101010101010
1010101010101010101010101010101010101010101010101010101010101010101001010101010101010101010101010101
0101010101010101010101010101010101010101010101010101010101001010101010101010101010101010101010101010
1010101010101010101010101010101010101010101010101010101010101010101010101010101010101010101010101010
1010101010101010101010101101010101010101010101010101010101010101010101010101010101010101010101010101
0101010101010101010101010101010101010101010101001010101010101010101010101010101010101010101010101010
1010101010101010101010101010101010101010101010101010101010101010101010010101010101010101010101010101
0101010101010101010101010101010101010101010101010101010101010101010101010101010101010101010100101010
1010101010101010101010101010101010101010101010101010101010101010101010101010101010101010101010101010
1010101010101010010101010101010101010101010101010101010101010101010101010101010101010101010101010101
0101010101010101010101010101010101010100101010101010101010101010101010101010101010101010101010101010
1010101010101010101010101010101010101010101010101010101010101001010101010101010101010101010101010101
0101010101010101010101010101010101010101010101010101010101010101010101010101010101000101010101010101
0101010101010101010101010101010101010101010101010101010101010101010101010101010101010101010101010101
0101001010101010101010101010101010101010101010101010101010101010101010101010101010101010101010101001
0101010101010101010101010101010101010101010101010101010101010101010101010101010101010101010101010101
0101010101010101010101010101010101010101010101010101010101010101010101010101010101010101010101010101
0101010101010101010101010101010101010101010101010101010101010101010101010101010101010110101010101010
1010101010101010101010101010101010101010101010101010100101010101010101010101010101010101010101010101
0101010010101010101010101010101010101010101010101010101010101010101010101010101010101010101010101010
1010101010101010101010101010101010101010101010101010101010101010101010101010101010101010101010101010
1010101010101010101010101010101010101010101010101010101010101010101010101010101010101010101010101010
1010101010101010101010101010101010101010101010101010101010101010101010101001010101010101010101010101
0101010101010101010101010101010101010101010101010101010101010101010101010101010101010101010101000101
0101010101010101010101010101010101010101010101010101010101010101010101010101010101010101010101010101
0101010101010101001010101010101010101010101010101010101010111010101011010101010101010101010101010101
0101010101010101010101010101010101010101010101011110101010101010101010101010101011101101011010101010
1010100101010101101011010101010101011101011110101011010111010101011101011011010101010101010101010101
0101010101010101010101010101010101010101010101010101010101010101010100010101010101010101010101010101
0101010101010101010101010101010101010101010101010101010101010101010101010101010101010101010001010101
0101010101010101010101010101010101010101010101010101010101010101010101010101010101010101010101010101
0101010101010010101010101010101010101010101010101010101010101010101010101010101010101010101010101010
1010101010101010101010101010101010100101010101010101010101010101010101010101010101010101010101010101
0101010101010101010101010101010101010101010101010101010101010101010101010101010101010101010101010101
0101010101010101010101010101010101010101010101010101010101010101010101010101010101010101010101010101
0101010101010101010101010101010101010101010101010101010101010101010101010101010101010101010101010101
0110101010101010101010101010101010101010101010101010101010101010101010101010101010101010101010101010
10101010101010101010101011010101010101010101010101010101011?????????????????????????????????????????
????????????????????????????????????????????????????????????????????????????????????????????????????
????????????????????????????????????????????????????????????????????????????????????????????????????
???????????????????????????????????????????????????????????1???0??????010?1?????????????????????????
????????????????????????????????????????????????????????????????????????????????????????????????????
????????????????????????????????????????????????????????????????????????????????????????????????????
????????????????????????????????????????????????????????????????????????????????????????????????????
??????????????????????????????????????????????????????????????10101010101010101011010101010101010101
0101010101010101010101010101010101010101010101010101010101010101010101010101010101110101010101010101
0100??0010101101010110111110101011110111110111110101010101010101010101010101010101010101010101010101
0001010101010101010101010101010101010101010101010101010101010101001010101010101010101010101010101010
1010101010101010101010101010101010101010101010101010101010101010101010101010101010101010101010101010
1010101010101010101010101010101010101010101010101010101010101010101010101010101010101010101010101010
1010101010010101010101010101010101010101010101010101010101010101010101010101010101010101010101010010
1010101010101010101010101010101010101010101010101010101010101010101010101010101010101010101010101010
1010101010101010101010101010101010101010101010101010101010101000101010101010101010101010101101010101
0101010101010101010101010101010101010101010101010101010101010101010101010101010101010010101010101010
1010101010101010101010101010101010101010101010101010101010101010101010101010101010101010101010101010
1010101010101010101010101010101010101010101010101010101010101010101010101010101010101010111101010101
0101010101010101010101011010110110101010101010101010110101010110110110101010101010101010101111010101
01010101010101010101010101010101010101010101010101010101010101010101010101010101010101010101010101?1
010111010101010101??00111010101010101001?10101010101010101011101010101010101010101010101101010101011
1111110111101010101010101010101010101010101010101001010101010101010101010101010101010101010101010101
0101010101010101010101010101010101010101010101010111111111110101101010010101010101010101010101010101
0101010101010101010101010101010101010101010101010101010101010101010101010101010101010101010101010101
0101010101010101010101010101010101010101010101010101010101010101010101010101010101011010101010101010
1010101010101010101010101010101010101010101010101010101010101010101010101010101010101010101010101010
1010101010101010101010101010101010101010101010100010101010101010101010101010101010101010101010101010
1010101010101010101010101010101010101010101010101010101010101010101010110101010101010101010101010101
0101010101010101010101010101010101010101010101010101010101010101010101010101010101010101010100010101
0101010101010101010101010101010101010101010101010101010101010101010101010101010101010101010101010101
0101010101010100010101010101010101010101010101010101010101010101010101010101010101010101010101010101
0101010101010101010101010101010101010001010101010101010101010101010101010101010101010101010101010101
0101010101010101010101010101010101010101010101010101010101011010101010101010101010101010101010101010
1010101010101010101010101010101010101010101010101010101010101010101010101010101010110101010101010101
0101010101010101010101010101010101010101010101010101010101010101010101010101010101010101010101010101
0101010101010101010101010101010101010101010101010101010101010101010101010101010101010101010101010101
0101010101010101010101010110101010101010101010101010101010101010101010101010101010101010101010101010
1010101010101010101010101010101010101010101010101010101010101010101010101010101010101010101010101010
1010101010101010101010101010101010101010101010101010101010101110101010101010101001010101010101010101
0101010101010101010101010101010101010101010101010101010101010101010101010101010101010101010101010101
0100101010101010100101010101010101010101010101010101010101010101010101010101010101010101010101010101
0101010101010101010101010010101010101010101010101010101010101010101010101010101010101010101010101010
1010101010101010101010101010101010101010101010101101010101010101010101010101010101010101010101010101
0101010101010101010101010101010101010101010101010101010101010101010101001010101010101010101010101010
1010101010101010101010101010101010101010101010101010101010101010101010101010101010101010101010010101
0101010101010101010101010101010101010101010101010101010101010101010101010101010101010101010101010101
0101010101010101000101010101010101010101010101010101010101010101010101010101010101010101010101010101
0101010101010101010101010101010101010100010101010101010101010101010101010101010101010101010101010101
0101010101010101010101010101010101010101010101010101010101010110101010101010101010101010101010101010
1010101010101010101010101010101010101010101010101010101010101010101010101010101010101010101010101010
1010101010101010101010101010101010101010101010101010101010101010101010101010101010101010101010101010
1010101010101010010101010101010101010101010101010101010101010101010101010101010101010101010101010101
0101010101010101010101010101010101010101010101010101010101010101010101010101010101010101010101010101
0101010101010101010101010101010101010101010101010101010101010100101010101010101010101010101010101010
1010101010101010101010101010101010101010101010101010101010101010101010101010101010101001010101010101
0101010101010101010101010101010101010101010101010101010101010101010101010101010101010101010101010101
0101010001010101010101010101010101010101010101010101010101010101010101010101010101010101010101010101
0101010101010101010101010101010101010101010101010101010101010101010101010101010101010101010101010101
0101010101010101010101010101010101010101010101010100010101010101010101010101010101010101010101010101
0101010101010101010101010101010101010101010101010101010101010101010101010010101010101010101010101010
1010101010101010101010101010101010101010101010101010101010101010101010101010101010101010101010100101
0101010101010101010101010101010101010101010101010101010101010101010101010101010101000101010101010101
0101010101010101010101010101010101010101010101010101010101010101010101010101010101010101010101010101
0101010101010101010101010101010101010101010101010010101010101010101010101010101010101010101010101010
1010101010101010101010101010101010101010101010101010101010101010101010100101010101010101010101010101
0101010101010101010101010101010101010101010101010101010101010101010101010101010101010101010101001010
1010101010101010101010101010101010101010101010101010101010101010101010101010101010101010101010101010
1010101010101010100101010101010101010101010101010101010101010101010101010101010101010101010101010101
0101010101010101010101010101010101010101001010101010101010101010101010101010101010101010101010101010
1010101010101010101010101010101010101010101010101010101010101010101010101010101010101010101010101010
1010101010101010101010101010101010101010101010101010101010101010101010101010101010101001010101010101
0101010101010101010101010101010101010101010101010101010101010101010101010101010101010101010101010101
0101010100101010101010101010101010101010101010101010101010101010101010101010101010101010101010101010
1010101010101010101010101010100101010101010101?01010101010101010101010101010101010101010101010101010
1010101010101010100101010101010101010101010101010101010101010101010101010101010101010101010101010101
0101010101010101010101010101010101010101010101010101010101010101010101010101010101010010101010101010
1010101010101010101010101010101010101010101010101010101010101010101010101010101010101010101010101010
1010101001010101010101010101010101010101010101010101010101010101010101010101010101010101010101010101
0101010101010101010101010101001010101010101010101010101010101010101010101010101010101010101010101010
1010101010101010101010101010101010101010101010101010010101010101010101010101010101010101010101010101
0101010101010101010101010101010101010101010101010101010101010101010101010101010101010101010101010101
0101010101010101010101010101010101010101010101010101010101010101010101010101010101010101010101010101
0101010101010101010101010101010101010101010101010101010101010101010101010101010101010101010101010101
0101010101010101010010101010101010101010101010101010101010101010101010101010101010101010101010101010
1010101010101010101010101010101010101010010101010101010101010101010101010101010101010101010101010101
0101010101010101010101010101010101010101010101010101010101010101010101010101010101010101010101010101
0101010101010101010101010101010101010101010101010101001010101010101010101010101010101010101010101010
1010101010101010101010101010101010101010101010101010101010101010101010101010101010101010101010101010
1010101010101010101010101010101010101010101010101010101010101010101010101010101010101010101010101010
1010101010101010101010101010101010101010100101010101010101010101010101010101010101010101010101010101
0101010101010101010101010101010101010101010101010101010101010101001010101010101010101010101010101010
1010101010101010101010101010101010101010101010101010101010101010101010101010101010101010010101010101
0101010101010101010101010101010101010101010101010101010101011???????????????????????????????????????
????????????????????????????????????????????????????????????????????????????????????????????????????
????????????????????????????????????????????????????????????????????????????????????????????????????
????????????????????????????????????????????????????????????????????????????????????????????????????
????????????????????????????????????????????????????????????????????????????????????????????????????
????????????????????????????????????????????????????????????????????????????????????????????????????
????????????????????????????????????????????????????????????????????????????????????????????????????
?????????????????????????????????????????????????????????????????10101110101010101010101010101010110
1010101010101010101010101010101010101010101010101010101010101010101010111110101010101011101010101010
1????01101010101010101010101101010101010101110101010101111111110101010101010101010101010101010101010
1010101010101010101010101010101010101010101010101010101010101010101010101010101010101010101010101010
1010101010101010101010101010101010101010101010101010101010101010101010101010101010101010101010101010
1010101010101010101010101010101010101010101010101010101010101010101010101011010101010101010101010101
0101010101010101010101010101010101010101010101010101010101010101010101010101010101010101010101010010
1010101010101010101010101010101010101010101010101010101010101010101010101010101010101010101010101010
1010101010101010101001010101010101010101010101010101010101010101010101010101010101010101010101010101
0101010101010101010101010101010101010101010100101010101010101010101010101010101010101010101010101010
1010101010101010101010101010101010101010101010101010101010101010101011010101010101010101010101010101
010101010101010101010101010101010101010101010101010101?010101010101010101010101010101010110101010101
0101011010101010101010101010101010110110111010101010101010101010110110110110101010101010101010101110
1110101010101010101010101010101010101010101010101010101010101010101010101010101010101010101010101010
101010101010101010100101??001110101010101?0110111011111010101010111101010111101010101?1?101011011010
1011110101001010101101010101010101010101010101010101010101010101010101010101010101010101010101010101
0101010101010101010101010101010101010101010101010101010101010101010101010101010101010101010101010101
0101010101010101010101010101010101010101010101010101010101010100101010101010101010101010101010101010
101010
