Samples:
o111101111111111110111111111111111100000111111111111000001111111111111111111111110111111101111000001
1111110111100000111000001111000001110111011111111111111110111011111111110101111000011110000011110000
1111000001110111111101111111100000111000001111111111110111011100000111101110111000001111000001110000
0111011111111011101110111111110111111100000111111110111011101111000011110000011111111111100000111100
0011110000011111111111100000111000001111111101111000011111111011110000111111111111111101111100011010
1110111100001111111111111111011100000111101111111111111101000001111000011111111111100000111111110111
1111011110000011111110111011111111000001111111011110111011100000111100000111000001111100001111000011
1100000111000001111111111110000011100011111111011101110111000001111111101110111111110000011101110111
1000001111111011111111111101111111000001111111101111111111110000011101110111111011111000001111100011
1100000111111101111000001110111011110000011100000111111110111100001111000011110000011110000111101110
1111111111110000011101110111111111111100001111111001110111111100000111111111111100001111100001110000
0111100000111011101111000011110111011101111111111110111000001111111101110000011111111011111110111100
0011111111111111111111100000111011111111000001110111111111111111110000111111111111111101110111011110
0000111011111110000011111111111100000111111110111011101111000001110111111110000111100000111011111111
1100011111111111100000111111101111111111110000011100000111101111111000001111000001110000011111101011
1000001111000011111111111100000111111111111011111111110101111111011111111110101110111100001111000001
1100000111100000111000001111111111111111111110000011110001111111011111111011101110111111111111000001
1101111110100000111111111111111111111111011111111111101111111100001111100001111110011110111111101110
1111000001110000011110000011101110111111111111111111110111011110000011101110111111111111011101110111
0111101111111000001110000001110000011111111111100000111100001111100001110111000001000000000000000000
0000000000000000000000000000000000000000000000000000000010000000000000000000000000000000000000000000
0000000000000000010000000000000000000000000000000000000000000000000000000000000000000000000000000000
0000000000000000000000000000000000000010000000000000000000000001000000000000000000000000000000000000
0000000000000000000000000000000000000000000000000000000000000000000000000000110000000000000000000000
0000000000000000000000000000000000000000000000000000000000000000000000000000000000000000000000000000
0000000000111000001000000000000000000000000000000000000000000000000000000000000000000001000000000000
0000000000000000000000000000000000000000000000000000000000000000000000000000000000000000000000000000
0000000000001000100000000000000000000000000000000000000000000000000000000000000000000000000000000000
0000000000000000000000000000000000000000000000000000000000000000000000000000000000000000000000000000
0000000000000000000000000000000000000000000000000000000000000000000000000000000000000000000000000000
0000000000000000000000000000000000000000000000000000000000000000000000000000000000000000000000000000
0000000000000000000000000000000000000000000000000000000000000000000000000000000010000000000000000000
0000000000000000000000000000000000000000000000000000000000000000000000000000000000000000000000000000
0000000000000000000000000000000000000000000000000000000000000000000000000000000000000000000000000000
0000000000000000000000000000000000000000000000000000000000000000000000000000000000000000000000000000
0000000000000000000000000000000000000000000000000000000000000000000000000000000000000000000000000000
0000000000000000000000000000000000000000000000000000000000000000000000000000000000000000000000000000
0000000000000000000000000000000000000000000000000000000000000000000000000000000000000000000000000000
0000000000000000000000000000000000000000000000000000000000000000000000000000000000000000000000000000
0000000000000000000000000000000000000000000000000000000000000000000000000000000000000000000000000000
0000000000000000000000000000000000000000000000000000000000000000000000000000000000000000000000000000
0000000001100000000000000000000000000000000000000000000000000000000000000000000000000000000000000000
0000000000000000000000000000000000000000000000000000000000000000000000000000000000000000000000000000
0000000000000000000000000000000000000000000000000000000000000000000000000000000000000000000000000000
0000000000000000000000000000000000000000000000000000000000000000000000000000000000000000000000000000
0000000000000000000000000000000000000000000000000000000000000000000000000000000000000000000000000000
0000000000000000000000000000000000000000000000000000000000000000000000000000000000000000000000000000
0000000000000000000000000000000000000000000000000000000000000000000000000000000000000000000000000000
0000000000000000000000000000000000000000000000000000000000000000000000000000000000000000000000000000
0000000000000000000000000000000000000000000000000000000000000000000000000000000000000000000000000000
0000000000000000000000000000000000000000000000000000000000000000000000000000000000000000000000000000
0000000000000000000000000000000000000000000000000000000000000000000000000000000000000000000000000000
0010000000000000000000000000000000000000000000000000000000000000000000000000000000000000000000000000
0000000000000000000000000000000000000000000000000000000000000000000000000000000000000000000000000000
0000000000000000000000000000000000000000000000000000000000000000000000000000000000000000000000000000
0000000000000000000000000000000000000000000000000000000000000000000000000000000000000000000000000000
0000000000000000000000000000000000000000000000000000000000000000000000000000000000000000000000000000
0000000000000000000000000000000000000000000000000000000000000000000000000000000000000000000000000000
0000000000000000000000000000000000000000000000000000000000000000000000000000000000000000000000000000
0000000000000000000000000000000000000000000000000000000000000000000000000000000000000000000000000000
0000000000000000000000000000000000000000000000000000000000000000000000000000000000000000000000110000
0000000000000000000000000000000000000000000000000000000000000000000000000000000000000000000000000000
0000000000000000000000000000000000000000000000000000000000000000000000000000000000000000000000000000
0000000000000000000000000000000000000000000000000000000000000000000000000000000000000000000000000000
0000000000000000000000000000000000000000000000000000000000000000000000000000000000000000000000000000
0000000000000000000000000000000000000000000000000000000000000000000000000000000000000000000000000000
0000000000000000000000000000000000000000000000000000000000000000000000000000000000000000000000000000
0000000000000000000000000000000000000000000000000000000000000000000000000000000000000000000000000000
0000000000000000000000000000000000000000000000000000000000000000000000000000000000000000000000000000
0000000000000000000000000100000000000000000000000000000000000000000000000000000000000000000000000000
0000000000000000000000000000000000000000000000000000000000000000000000000000000000000000000000000000
0000000000000000000000000000000000000000000000000000000000000000000000000000000000000000000000000000
0000000000000000000000000000000000000000000000000000000000000000000000000000000000000000000000000000
0000000000000000000000000000000000000000000000000000000000000000000000000000000000000000000000000000
0000000000000000000000000000000000000000000000000000000000000000000000000000000000000000000000000000
0000000000000000000000000000000000000000000000000000000000000000000000000000000000000000000000000000
0000000000000000000000000000000000000000000000000000000000000000000000000000000000000000000000000000
0000000000000000000000000000000000000000000000000000000000000000000000000000000000000000000000000000
0000000000000000000000000000000000000000000001111001001100111000000110000000000001111111111010000011
1011111111111111110000011101111111101110111000001111000011111111011111111111111111111011101111111111
1100001111110001111111111110000011101111111111111111000001111000011001110000011111000111111110111100
0011111111110100000111100001111111111110000011111101111110000111100001111100011010000011110000111111
1111111100011111111111111111111000001111000011111100110110000111000001111111111111111011111111111100
0011110111011101111111100001111011111111111111111111111111101111101110111100001111100011111100011110
0001111000011110111111100000111101111111110001111000011111000011101111111111000111110001110000011110
1111111111111111111101110000011111111110101111111110001111111111111111011101111110111110111011101111
0000111111111111011111111000011110000011101111111011111111011101111100011111111111101110111000001111
0000111110000111100001111011101111000011110000110100000111011111110000011110111111110000111111111101
1111111110000111111111111011101110000011111111111111000111011111101111111111111111010000011100000111
0111111110000011110000111000001111011101111000011110000111100000111000001110000011110000011101111111
1111111110111011100000111111110111011111110000011111111011101111111111110111011111110111111010000011
1111101111000011110111111101111111111111111011111111110011110000011111111111100001111000001110000011
1100010011101111110101111111111101111111111110111011100000111101110111000001110111111010111011110000
1111111111110111111100000111111111111100001111111111010000011111111111101110111011101111100011010000
0111111111111111111111111011100000111100001111011111110111111011111111111111111100001111100001110111
1111101110111100000000000011111111111100000111000001111111111110000011101111111100001111111101111000
0111101110111111111111000011110111111111111110101111111011111110000011110000011100000111000001111011
1011110000111111111111111111101100001110111111110000111100000111011111111000011110000011110000111100
0011110111111111111111101110111110001110111111111111111110000111111111111011111111100011111111111100
0001111111111110000011111111111100001111011101110000011111111111111000111100001111011111110111111111
1111111111101111111111110000111100000111111111110111100001111110111110000011111111111100001111110001
1111111111101101111101111111011111111011100000111100001111000001110111111111111011100000111110000111
1000011111111011111111111111111111011111111110011110111111100000111111110111110001111000001110000011
1111111111011111111000011111111111111111111111110111000001111000001110111011110000011110000111100001
1110111011110000111100000111011111111011101110111111111111111100000111000000111011101110000011110111
0111000001111000001111111111111111011111111111110000101011111111000011110000011111000111100000111100
0011110000011100000111111110111111111111000011111111011101111111111111111111101111111111111111111111
1111101000001110111111011111011101111111100000111011111111100011110111111101111110100000111000001111
1111011100000111100000111000001111000001111000011110000111101111111111111111011101111111111110000011
1011111101011101110111111111000011100000111100000111111111111100011110000011111111111101110111011111
1111111011100000111111101111111111110000011110000011101111111111111111111111111111111010000011100000
1111111101110111111111111011111111111111111111000001111000011110000011110000111101111111011111111111
0111000001111000001110000011110000011101111111111110111100001111100001110000011111111111101111111011
1111110111111101111111111110111011101111111111110111011100000111111110111000001111000011110111111100
0001111100001110111111011111011100000111111111111111101111110011111000011101111111111110111011111111
1111111101110110111111101111111111110000011101110111111010111011111111111101111111111111111111100000
1110111111111111111100000111100000111011101110111111110000011110000111100000111111111111111101111111
1111111111111000001111000011110111011101111111111111111000001111000001110111011111111111100000111100
0011110000011100000111100000111111111111000001111000011110000011110000111111110111100001111000001111
1000111111001111110001111000011111000011110000111110000111000001111011111110000011111111111111110111
0111111110000011101111110100000111011111101111111110111111111111011111111111100001111000001111100011
1101111111000001111111011111111011100000111100001111100001111000011110000011110000111111110111000001
1110111111111110111111111111111111110000011110111011100000111111110111111111111111111100000111011111
1010000011100000111100000111000001111000001110000011111111011100000111111110111111101111111111110000
0111111001111011101110000011110111111100000110110000111011111101111101111100011110000011101110111100
0011110000011110000011101111111011111111011101111111111111111111100000111101111111110001000111111111
1100000111011111111000001111000011111111111111110111110001111110001110000011111000011110000111100000
1110111111111111011111111111110001111111101111000011110000011101111111111110111011101111111111110111
0111011111111000001111111111010111111101111111111111111011101111000001110111011101111011111111111011
1111110000011101111111101110111000001111011101110000011010111011101110111100001111011101111111111110
0000111000001111000001111111111110000011101111110100000111111101111111111111000011111111111101110111
0111111110000011110000111100000111110001111111111110111111110000011101110111111110111000001111111110
0001111111111110000011111111011111110111110001111111111110111011111111011100000111100000111000001111
0000011111000111100001111111111111100011110111011101111111100000111000001111000001111111011111111111
1100001111000011110111111100000111101110111011111101100001110000011110000011111110111100000111100001
1110000011110000111111111111000001111111111010000011111000111101111111100001111000001110000011111111
0111100001111111111110111011101111111101111111100001111111101110000011111111011101110111011111111000
0011101111110100000111011111111111101110000011110000011110000111100000111100001111111101110111011111
0000111111101111000011110000011111111111101110111011111101000001110000011111111111111111111011101111
1101001111111100111111111111111111111111111110111011101111111111111111111101111111100000111000001111
0111111100000111111110111000001111111111110111111100000111110000111011111101111001111111011111111011
1100001110111111110000011100000111111110111011111111111101111100011110000011110000111100000111111101
1100000111100000111100001111000001110000011110000011111111111111110111111111111000001110111111111111
1111011111111000001110111011100000011100000111100001111000001110111111010000011111110111111110111111
1011111111111110000111000001111111101111000011110000011100000111100000111111111111111111110111111110
0001111111101110000011110000011110000111111111111011101110111111111111011100000111101110111000001111
1100001111111101110111111111000111100000111100001111100001111111011110000011111000111100000111111101
1111111111110000111100001111110001110111011110000111101111111011111101111101110111111111111011101110
1111000011110000011110000111101111111111111111000001110111111111100011101110111100000111111101111111
1110101110111011111111000001110111111010111111101110111111111111011111111111111111111111111000111100
0001111100011111111111100000111011111111000001110111111111100011111111111111111111000001111111111110
1110111000001111111101110000011111111111101110111100001111011111111000011110111111111110111111110111
0000011110000011100000111100000111000001111100001110111011111111011100000111111111111100001111111111
1111011101111111101111111000001111111101110111011110000111100000111100001111000001110111111110111011
1011111111000011110000011111111111100000111000001111100001110000011110000011111111111110000111011111
1110000011111110111111111111111101110111111111000011111111111101110111011111111000001110000011110000
0111011111111100111111110111111101111111111111111000001110000011111111111101111111111111111000001111
0000011100000111000000111011111111110011110111011100000111110000111100001101111101111000011110000011
1011111110000001111100011111000111111000111011111111111101110000011110000011100000111100000111110001
1111111111101111111111111111000001110000011111111011110000111111111111011111110111111110000011111110
1111111101111111011111111111111111111011111111000011110111111110000111101110111100001111000001110000
0111100000111011111111111111110000011100000110101110111011111111111101110111011111111111100000111111
1011110000011100000111110101111111011111101011111110011110000011110000111100000111000001111011101110
1111111100000111011101111000001111000011110000011110000111100000111111101111100001111111011101111111
1011101110111111110000011110000111100000111110001111000001110111111010111111111000111111111111000001
1111111111111111111011101111111101110000011111111111100000111111001110111011101111000011110000011111
1111111000001110000011110000011101111111111111111011111110111111011000011101111111100000111100001111
0000011111110111110001111000001111000011111000011110000111101110111011111111000001110000011110000011
1000001111000001110000011111111011111000111110001111000001110000011110000011101110111111110111000001
1111000011100000111111111111011101110000011110000011110000111100000111100001111111111110000011110000
1111111111111111111111111111111111111110001101000001110000011110000011100000111100000111000001111111
1011100000111100000111111111111000001111111111101111111101110111000001111101111110111110111100001111
1000011101110111111110111011101111111111110111011111111111101111111110001111000001111000011110000011
1000001111000001110000011110000111100000111011111111011111110111011111101111100000111011111111000001
1101111111111110111011101111111101110111011100000111111000111110001111111111110111111111100111100000
1110000011110111011101111110101110111111111111000001111111011101111111101110111011111101011111111000
0111100000111000001111011111111000011111000011100000111011110001000000000000000000000000000111110111
1010011011111001001100100110111010011111101001101100110110000000000000000000000000000000000100000000
0000000000000000000000000000000000000000000000000000000000000000000000000100000000000000000000000000
0000000000000000000000000000000000000000000000000000000000000000000000000000000000000000000000000000
0000000100000000000000000000000000000000000000000000000000000000000000000000000000000000000000000000
0000000000000000000000000000000000000000000000000000110000000000000000000000000000000000000000000000
0000000000000000000000000000010000000000000000000000000000000000000000000000000000000000000000000000
0000000000000000000000000000000000000000000000000000000110010000000000000000000000000000000000000000
0000000000000000000000000000000000000000000000000000000000000000000000000000000000000000000000000000
0000000000000000000000000000000000000000000000000000000000000000000000000000000000000000000000000000
0000000000000000000000000000011000000000000000000000000000000000000000000000000000000000000000000000
0000000000000000000000000000000000000000000000000000000000000000000000000000000000000000000000000000
0000000000000000000000000000000000000000000000000000000000000000000000000000000000000000000000000000
0000000000000000000000000000000000000000000000000000000000000000000000000000000000000000000000000000
0000000000000000000000000000000000000000000000000000000000000000000000000000000000000000000000000000
0000000000000000000000000000000000000000000000000000000000000000000000000000000000000000000000000000
0000000000000000000000000000000000000000000000000000000000000000000000000000000000000000000000000000
0000000000000000000000000000000000000000000000000000000000000000000000000000000000000000000000000000
0000000000000000000000000000000000000000000000000000000000000000000000000000000000000000000000000000
0000000000000000000000000000000000000000000000000000000000000000000000000000000000000000000000000000
0000000000000000000000000000000000000000000000000000000000000000000000000000000000000000000000000000
0000000000000000000000000000000000000000000000000000000000000000000000000000000000000000000000000000
0000000000000000000000000000000000000000000000000000000000000000000000000000000000000000000000000000
0000000000000000000000000000000000000000000000000000000000000000000000000000000000000000000000000000
0000000000000000000000000000000000000000000000000000000000000000000000000000000000000000000000000000
0000000000000000000000000000000000000000000000000000000000000000000000000000000000000000000000000000
0000000000000000000000000000000000000000000000000000000000000000000000000000000000000000000000000000
0000000000000000000000000000000000000000000000000000000000000000000000000000000000000000000000000000
0000000000000000000000000000000000000000000000000000000000000000000000000000000000000000000000000000
0000000000000000000000000000000000000000000000000000000000000000000000000000000000000000000000000000
0000000000000000000000000000000000000000000000000000000011000000000000000000000000000000000000000000
0000000000000000000000000000000000000000000000100010000000000000000000000000000000000010000000000000
0000000000000100000000000000000000000000000000000000000000000000111000000000010000000000000000000001
1000000000000000000000100000000011000000011001000100000000000000000000000010000000001000011100000110
0000000000001101100111100100000000000000000000000000000000000000000000000000000000000000000000000000
0000000000000000000000000000000000000000000000000000000111110000000000000111100000000000011000001100
0000000000000000000000000000000000001100000000000000010000000100010100001111000000110011111111111100
0111000110110000100000000110111000000001100000000011111100000000000000110000000000000000000000110000
0010000000000000111110011110111100000000000000000000000000011000000011000111000000000000000000000011
1011100000000000000000000000100000000001100000000000000000000000000000000000000011000000000000000100
0000000000000000000000000000000000000000000000000000001110000000000000000000000000000000000000000000
0000000000000000000000000000000000011101000000000001110000000111111011000000011111111101111111111111
1111101111110111110011111111111000000000000000001111100111110111011111101111110000100100000000000000
0111111111111000011111111111101111111110000111011111111111111110000011100000111111111111011111110111
1111101111111011101110000011010000011101110111101001111111101110111111110000111110000111011011111000
0011100000111111001111111111110000011111111011100000111110001111111101111000011111111111111110111110
0011111000111100000111000001111111101110000011110111111111101111110000111100001111100011111000011110
0001111111101111111011110111111100000111111111111011101110000011111111011111101111101111111011111111
1111111100000111110001111000001110000001110000011111111111100000111110001111000001110111111111111011
1111111111000001110111011101111111101110111011101111111101111000011110000011100000111111110111111101
1100000111111110111100001111011101110000011110000011111111111101110111011101111111101111111011111000
0111000001111000001110111011101111111101010111110001111111101111100011111000011111110111011111111000
0011100000111100000111000001111111111110111011110000111101110111111111101011101110111111110000011110
0001111000001110111111111111111111110111011111111000001111111111111111111111111111100000111111101111
0000011111111111100001111111101110111011110000011101111111111110111011101111110111000001111000001110
1111111110001111000001110111111111111011111000111011110111000001111111111111000011100000111111110111
0000011111101011101111111111101101011101110000011111000011100000111111110111011101111000001111111011
1110001111100001111000011111111011100000111111000111100001111111101110000011110000011100000000111011
1011111111111100000111111110111011101110000011110000011111000111110000111100001111000001110000011111
1110111011101111000011111000011111111111101111111000001111111101111000011111000011111111111100000111
1000011111000111111110111111001111100001111111011111101011101110110111111111000001110000011110000011
1011111101100001110111011010111011101110111100000111011101111000001110000011111111111110000111100000
1111111011111111111101110111110001111011101110000011111111011111110111111111111111101111000011110000
0111000001111000001110000011110000011100000111110000111011101111111101111111111111111111100000111111
1000011100000111000001111011101111000011100000111101111110111011111111111111110111111100000111110001
1110111111100000111111111111100001111000011111111011101111111011111111000001110111011110000111110000
1111000011111000111110000111000001111000011110111011101111111110001111011111111111111111111111111110
1110111011111111111111111111110001111011111110111011111111011110000111111111111100001110111111111111
1111000001110000011111111111100000111000001111000001110000011100000111110000111011111111111111110111
0111111111111000001110111111111111111111111111000001111000011110000011101111111100001111100001110111
1111111111111111101111111111110000011100000111111111111000001111000011101111111101110111111111111111
1111110000111000001111111111110111111111111111101111111011101111000011110000011100000111100001111011
1011101111111111111111000001111000011110000111110111011111111111101110000011110000011110000111111111
1110111011111110111111110111111101111111111111111111111111111111111111100001111111111110000011110000
0111011111111000011110000011101111111111111111100001111111101111111011100000111100011101111111011111
1011111011101110111111110111111111111111101110000011111111111101111111011101111111111111111111111111
1111100001111111111011111011100000111110000111011101111111101111100011110000011100000111111111111111
1011111111111101110111000001111000001110111011111111011101110111100000111110001111111111111000001111
1111000011110000011100000111100000111000001111011111111000011111000011100000111100000111011101110000
0011110000111100001111000001111000011110000011110000111100000111000001111000001111111011110000011101
1111111111101110111011110000011111110111100001111111111110111111111111011101110111111111111000001111
0000111100000111111101101000001110111011110000011101110111111110111000001111111111110000011111110111
1000001110111011110000011111111111100000111111111110000001110000011111111111101111111110001111111111
1111111111011111111011101110111111111111111111111111111110111000001110111111110000011110000111111111
0101110111000001111000001110000011101111110101111111011101111110111110000011110000111111011111011101
1100000111100001111000001111000011110000111111111111111101111111101111111111100000111101111111111111
1111111011101110111011111111011101110000011110000111101111111000001111100011111111111110000111110001
1011111111110000111000001111011111110000011111111111101111111011111110000001111000011110000011100000
1111111111111000011101111111111111111011101111111101110111111111110110101110111000001111111101110000
0111111110111011101111111101110111011111111111100000111011101111111111111111111111111111101111111111
1111110111111101110111111110111011101110111111110111011101111111101111111111101111111101111111011111
1011111011101111000011111000011110000111101111111011111111011101110111011111101011110000111111111111
0000011101111110111111111011111111110101111000011110000011111000111110001111100001110000000000000000
0000000000000000000000000000000000000000000000000000000000000000000111111111001111011101111111011111
0001111111111011101110000011110111001110111011100000000000000000000000000000000000000000000000000000
0000000000000000000000000000000000000011101011111111100001111111111111111111110000111111111111100001
1100000111100001111110001111111111111111111101110111000001111000011110111011100000111100001111011111
1101111110100000111011101111111111110000011111111111100001111110001110111111111111111100000111111111
1111111111111111111111111111011101110111111110000011101110111110001100000111100001111000001111111111
0111111111111111111000011110111011100000111101110111000001111111111111111011101111111000001111111101
1100000111100001111000001110000011110000111110000111100001111111111110000011101111111100000111011101
1110000111101110111000001111000011110111111110000111100001111100001111000011111111111101110111100001
1110111111110000111110001111100001111111111110000011101110111110001111011111111111011100000111111111
1111111111100000111100000111000001110000011100000111101110111000001111100011110000011100000111100001
1110000011110000111100001111111111111000011111111111110000111111111101111101111000011110000111100000
1111000011111111111111110111011111111000001111100011110000111100000111000001110111111110000011101111
1111000011110111011100000111111111111111101111111101110000011100000111100000111100001111100011110000
0111110001111111111111000011111111111110001111011101110111111111000011101111111111111111011111110111
1111100001111011101111100011111000011101111111000001111111111110111011111000110111111111011111111111
1111101111111100000111111101111000001110000011111111111101111111111111111100001110000011101111111101
1111110111011111000011101110111100000111100001111000001110000011111111111101110111000001111111111111
1111111011111111000001111000011111111011110000111100000111111111111111111111000011110000111100000111
0000011111101111100000111111111111111111111100011111000011101111111011110111011101110111111110000011
1011101111000001111000011111111011100000111000000111000001111111111110111111101111111000000111000001
1100000011100000111100000111000001110000011110000011111111111100000111011101111110101111111011110000
1111111111110000011111000011100000111100000111111001111110001110000011111000111100000111100001111011
1011100000111111110111011111111000001111111011111111111101110111011111101000001110111011111111011100
0001111111111010000011100000111100000111111101111111111111000011100000011101110111000000111011111111
1111111111111111000001111000001110111111111000011111000111000001111011111110111111110000011001101111
1011101111111100000111011101111000001111111011111111111100000111011111111111111111000011110000011111
1111111110011111111011101110111100000111011101111111111111000011111110111111111111000001111000001110
0000111100000111100001111000001110000011111111011110000111100001111011111110111011110000011111111111
1011111110000011101111111100000111111111111011101110111011110000011111111111111111111000001111111111
1111110111000001111110001110000011111111111100000111111111111000001110000011111111011100000111100000
1110000011110000011111110111111110111000001111111101110111111100000111111111111011101111000001110111
1111100000111110001110000011111000011101111111111000111011111111111111110111111110000111111111111100
0011111111111101111111100001111111101110111011110000011101110111100000111011111110111111110000011101
1111111011111110111011110000011101110111100000111011111111100001111111111111111111110000111111101111
0000011110000111111111111100001111111101110000011111111011111111111000001111000001110111111110000011
1111001111000001110111011110000011100000111111110111000001111110111111111011101111111111010111011111
1111101111100011110000011100000111100000111100001111111101110111011110000011111110111000000111000001
1110000111100000111000001111011101110000011111111011111111111111110111011101110000011110000011110000
1111000001110000011111111011101110111110000111011101110000011110111011101111111111110111101110000011
1111111100011100111111101111111111110000011100000111111110111110001111100011111100011101110111111110
1111111011111111011110000111111111111000001111000011110000011101111111100000111100001101000001110000
0111100000111111101111011101110000011110000011110000111100001111000001110000011111111011100000111100
0001111000011110000011100000111111110111111101111100011111000011110000110101111111011101111100001110
0000111100000111100001111000001110111011110000011110000111111111111011111110111011111111011100000111
1110001111000011110000011110000111110001111100001111111011111000011110000111111110111000001111111101
1101110111011111110000000000000000000000000000000000000000000000000000000000000000000000000000000000
0000000000000000000000000000000000000000000000000000000000000000000000000000000000000000000000000000
0000000000000000000000000000000000000000000000000000000000000000000000000000000000000000000000000000
0000000000000000000000000000000000000000000000000000000000000000000000000000000000000000000000000000
0000000000000000000000000000000000000000000000000000000000000000000000000000000000000000000000000000
0000000000000000000000000000000000000000000000000000000000000000000000000000000000000000000000000000
0000000000000000000000000000000000000000000000000000000000000000000000000000000000000000000000000000
0000000000000000000000000000000000000000000000000000000000000000000000000000000000000000000000000000
0000000000000000000000000000000000000000000000000000000000000000000000000000000000000000000000000000
0000000000000000000000000000000000000000001000000000000000000000000000000000000000000000000000000000
0000000000000000000000000000000000000000000000000000000000000000000000000000000000000000000000000000
0000000000000000000000000000000000000000000000000000000000000000000000000000000000000000000000000000
0000000000000000000000000000000000000000000000000000000000000000000000000000000000000000000000000000
0000000000000000000000000000000000000000000000000000000000000000000000000000000000000000000000000000
0000000000000000000000000000000000000000000000000000000000000000000000000000000000000000000000000000
0000000000000000000000000000000000000000000000000000000000000000000000000000000000000000000000000000
0000000000000000000000000000000000000000000000000000000000000000000000000000000000000000000000000000
0000000000000000000000000000000000000000000000000000000000000000000000000000000000000000000000000000
0000000000000000000000000000000000000000000000000000000000000000000000000000000000000000000000000000
0000000000000000000000000000000000000000000000000000000000000000000000000000000000000000000000000000
0000000000000000000000000000000000000000000000000000000000000000000000000000000000000000000000000000
0000000000000000000000000000000000000000000000000000000000000000000000000000000000000000000000000000
0000000000000000000000000000000000000000000000000000000000000000000000000000000000000000000000000000
0000000000000000000000000000000000000000000000000000000000000000000000000000000000000000000000000000
0000000000000000000000000000000000000000000000000000000000000000000000000000000000000000000000000000
0000000000000000000000000000000000000000000000000000000000000000000000000000000000000000000000000000
0000000000000000000000000000000000000000000000000000000000000000000000000000000000000000000000000000
0000000000000000000000000000000000000000000000000000000000000000000000000000000000000000000000000000
0000000000000000000000000000000000000000000000000000000000000000000000000000000000000000000000000000
0000000000000000000000000000000000000000000000000000011000000000000000000000100000000000000000000000
0000000000000000000000000011100000000100000000000000000000000000000000000000000000000000000000000000
0000100000000000000000001101100010000011110000000001000100001000000000100001000000011100000000000000
1000111110000000000000000000000000000000000000000000000000000000000000000000000000000000000000000000
0000000000000000000000000000000000000000000000111000000000000111110000000000011100000111000000010000
0000000000000000000000000110000000000000001100000000000000000000000000000000100110000000000000000000
0000000000000001110000000111000000000011000000000000000111100000000000000000000000000000000000000000
0001110000000110000000000000000000000000000000000000000011000000000000000000000011001100000000000000
0000000000000000000000000000000000000000000000000000000000000000000001100000000000000000000000000010
0000000000000000000000000000001001100000000000000000000000000000000000000000000000000000000000000000
0000000000001100000000000000000000000000000000000000000000000000000000000000000000000000000000000000
0000000000100000000000000111000000000000000000000000000000000000000000000000000000000000000000000000
0000000000000000000000000000111000000000000000000000000000000000000000000000000000000000000000011000
0000000000000000000000000000110000000000000000000000000000000000000000000000000000000000000000000000
1100000000000000001100000000000000110000000000000000000000000000000001110000000100000000000000000000
0000010000111000000000000000000000000000000000000000000000000000000000000000000000000000000000000000
0000000000000000000000000011000000000000000000000000000000000000000000000000000000000000000000000000
0000000000001100000000000000000000000000000000000000000000000000000000000000000000000000000000000000
0000000000000001000000000000000000000000000000000000000000000000000000000000000000000000000000000000
0000000000000000000000000000000000000000000000000000000000000000000000000000000000000000000000000000
0000000000000000000000000000000000000000000000000000000000000000000000000000000000000000000000000000
0000000000000000000000000000000000000000000000000000000000000000000000000000000000000000000000000000
0000000000000000000000000000000000000000000000000000000000000000000000000000000000000000000000000000
0000000000000000000000000000000000000000000000000000000000000000000000000000000000000000000000000000
0000000000000000000000000000000000000000000000000000000000000000000000000000000000000000000000000000
0000000000000000000000000000000000000000000000000000000000000000000000000000000000000000000000000000
0000000000000000000000000000000000000000000000000000000000000000000000000000000000000000000000000000
0000000000000000000000000000000000000000000000000000000000000000000000000000000000000000000000000000
0000000000000000000000000000000000000000000000000000000000000000000000000000000000000000000000000000
0000000000000000000000000000000000000000000000000000000000000000000000000000000000000000000000000000
0000000000000000000000000000000000000000000000000000000000000000000000000000000000000000000000000000
0000000000000000000000000000000000000000000000000000000000000000000000000000000000000000000000000000
0000000000000000000000000000000000000000000000000000000000000000000000000000000000000000000000000000
0000000000000000000000000000000000000000000000000000000000000000000000000000000000000000000000000000
0000000000000000000000000000000000000000000000000000000000000000000000000000000000000000000000000000
0000000000000000000000000000000000000000000000000000000000000000000000000000000000000000000000000000
0000000000000000000000000000000000000000000000000000000000000000000000000000000000000000000000000000
0000000000000000000000000000000000000000000000000000000000000000000000000000000000000000000000000000
0000000000000000000000000000000000000000000000000001110000011101111111100000111011111111100001110111
1111100000111100001111011111110111111110000011100000111011110111000001111000011110000011110000110101
1111111000011110000011101111111111110111111101110000011110111011100000111100000111000001111111111111
1111111110001111111101110111011110000011100000111111111111110001111111111111111011111111111100000111
1111011110000011101110111111111111000001110000011110000011111111111111110111011101111000001111111011
1100000111011101110111111010000011100000111101111111111101111000001111111011111111111111110111111111
1111111011100000111100000111111101111100001110111011111111111101111111011111111111101110000011100000
0111000001110111111110111111100000111111110111011111101011101110000011111000011100000111110000111011
1011110000011100000111100000111011101111111111110111011110000111101110111111111111011101110111011011
1110111000001111000001110000011111111111101110111110000111111101110000011110111011111000111100000111
1111011111101011101110111111111111011101111100011110000011100000111101110111111101111111101111000011
1011111111000001111000011011111111111110111100000111000001111000001110001110111011111111111110000111
1111111111111011111110111011111111000001110000011110000011111111111101111111011111111111101111000011
1111110111011111111111111110000011101111111100000111111101111000001110111011101111111100000111011111
1110111011111111111111110111100001111000001110111011110000011100000111111111111011100000111011111111
0111100001111111101111000011100000111101110111000001111011111110111011110111011101111111100000111100
0011111000011111110111011111111000001111111011111000011111000111111000111011111111000011111000011110
0001111111101110000011110000011100000111011111111011101110000011111111111111110111000001111000001111
1000011110000111100001111100001111100011111111111101110111100000111000001111111111110111111110000111
1011101110000011110000011101110111100000111110001111000001111111111100000111100000111111111111011101
1101111111111110111100001111000011110000011111111111100000111011101111111101110111011110000110000011
1111111111111111110111111111000111100000111100001111111111111100011110000011111111111111111111111101
1111111111100000111100001111000011110000011101110111111110111111111111111101110111011110000011101110
1110000011110111111110000111100000111000001111111111111111011111111111111111111011101111111101111100
0111111111111011111110111111111000011100000111100000111110001110000001110111111111100111110000111100
0011110000011111110111111010111000001111000001111100011110000111111111111000001111011111111111111111
0000111000001110000001110000011101111111100000111011111111000001110000011110000011111000111100000111
0000011111111111110000111100001111000001110000011110111011101110111100000111100001111000001110111011
1011111111011101110001111011101111111111110000011111000111111110111100001111111101111111111110000111
1011111111000011111111011101111111110001111100001111000011110000011100000111110000111000001111111101
1111110111110000111111111111111111010000011111111111110000111000001111111111110111011110000011101110
1111100011110111011101110111111110110001001111111111110000011110000110101111111011101111000001110111
0111100000111011101111100001111000011100000011101110111000001111100001110000011111000011100000111111
1101111111011111000011111000111111110111011111111111111110000011101111111101110111100001111111111111
1000111100000111011101110111111110000011110000111111111111111111110000001111000011111000111100000111
0000011111111111111000111100000111000001111000001111000011111100011100000111111111111111111111100011
1111110111000001111110101110111011110000011101111111011111111000001111111111111111011110000111100000
1110000011101111011100000111100000111110001111111011111111011101111000011101111111101111111000001111
1111111100000111000001111111101111111111110000111101111111011111110000011111111011111111111110000111
1111011101101110100000111000001110000011110000011100000111000001111000011110111011101111110101111111
1111111111111011110000111111111111011111110000011111000111101110111110001111000001111000011111111111
1000001110111111110000111101110111011111111110011110111111101111110111111111011111111000011110111011
1011111111000001110000011110000111100000111111101111111111110000011100000111111111111000001110000011
1111111111100001110000011110111011110000111111111101111111110000011110000111100000111011111110000011
1111110111100001111111111010111011110000111100001111100001110111111111111111101110111111011101000001
1100000111111111111011111110000011110000111100000111100001111000011111111111101111111101110111011101
1111000111111110111011111111111111111111111101111111101111111100001111000011110111011110000111100001
1111111011110000111100000111111101111000001110111111110111100001111111111110111011101111111100000111
1000011110000011100000111111110111000001111111111111111011101111111111110111111111111111111011111011
1000001111111111111000011111111111101111111011111111011111110111111110000011101110111111110111011101
1111111011111111111011111111111111110111011111111011101111111110111011101111111111110111111111111011
1011101111111011111111011111111000011100011111110000011111110111111110111111101111111111110111111100
0001111011111110000011111111011101111111111110111011101110000001111000011110000111110000111100001111
0111111101110111101110111000001111100001111111011100000111101111111011111101100001111111111111000011
1111111111111101111000011111111011100000111111001111100001110000011011111111101111111111111111000001
1110000011111110111000000111000001110111111110111111100000111111110111011111111000001111111111100000
0111000001111111111110111111110000111111111111011101111111111110111011101111111101110111000001111111
1011110000111111111111011101110111111110000011111111111110000111000101110001011110111101110000011111
1111110100000111111111111000001110111100000111011101111000011110000011101111111111110111100001111111
1011101110111000000111000001111111111110000011111110111111110111000001111111111110000011100000111111
1101110000011111100011111110111000000111111111111000011110000011110000111101110111011111111000001110
1110111100000111111111111111111110000011110000110100000111011111111000001110000011110000011110000111
1111101111111011111000111110000111111111111111111110111011110000011100000111111110111111101111100001
1101110111011111101110001110111111110000011101111111111110111011101111000011110111011111000111111000
1110000011110111011101110111000000111110001110111111011100011111000110101111110011110000011110111110
0011111111100000111111111111011111110000011111111011111000111111111111011101110111101110111111110111
1011101111111111110111100001111000111000011110111111111111011111110111110000111000101111111111110000
0111100011110000011100111110000111011111111000001110111111111111101110111011101111111111110111011111
0111111111101111111011010111011100000111111000111100011111111100000000000001111101111111111111111111
1011110111011100000111111111111111101110111101110111111110000011100000111111001111100001110111111110
0000111011111101000011110000011100110111111111111000001111000011111111011100000111100001111111001111
0000111111111111011111111000011110000011110000111100001111011111111111101110111111110000011110000111
1111111010000011111111111011110111111111110000011110111011101111111111111111111111110111111010111011
1000001110111111110000011111111111110000111000001111100011110000011111111111101111111100001110000011
1101111111011111111111101111111111111111111110000111011111110111110000111011111111000001110000011111
1111111100001111111101111111011111111111110000111011111111111101110111011111100000111110000111011111
1010111011100000111100000111011101111111101110111011101111111110000111000001111011101111000011110000
0111000001111000001111000011111111111100000111100001111111101111000011111000011110000111100000111000
0011111111111100000111111111111000001110111111110000011100000111111110111100001111111101110111011110
0000111000001111111111110111111101111111111011111011101111111101110111111111000111100000111000001111
0000011110000111110000111000001111000001111000011111111011101110111011111111011101110000011111111011
1000001111111101110111011111111111101110111011111111000001110000011111000011101110111111110111000001
1110000011110000111111110111111101111111111110111011100000111111111111011111110111111111111111111111
1111100001110000011110000011101110111100000111000001110000001111101100000000000000000000000011111001
1101101100110111111110010011011001101100100111110010011010100000000000000000000000000000000001100000
0000000000000000000000000000000000000000000000000000000000000000000000000010000000000000000000000000
0000000000000000000000000000000000000000000000000000000000000000000000000000000000000000000000000000
0000000000000000000100000000000000000000000000000000000000000000000000000000000000000000000000000000
0000000000000000000000000000000000000000000000000000100000000000000000000000000000000000000000000000
0000000000000000000000000001100000000000000000000000000000000000000000000000000000000000000000000000
0000000000000000000000000000000000000000000000000000011001000000000000000000000000000000000000000000
0000000000000000000000000000000000000000000000000000000000000000000000000000000000000000000000000000
0000000000000000000000000000000000000000000000000000000000000000000000000000000000000000011000000000
0000000000000000000000000000000000000000000000000000000000000000000000000000000000000000000000000000
0000000000000000000000000000000000000000000000000000000000000000100000000000000000000000000000000000
0000000000000001000000000000000011110000000000000000000001000000000000000000000000000000000000000000
0000000000100000000000110000000000100000000000000000000000000000000000001110000000000000000000001110
0000000000000000100000000000000000000011000000000000000001000000000000000010000000000000000000000000
0000000000000100000000000000000000000100000000000000000000000000000000000000000000000000000000000000
00000000000000000000000000000000000000000000000000000000000000000000100000001000