Samples:
KEY:
1111111111111111111111111111111111111111111011111111111111111111110111111111111111111111101010101010
1010101010101010110100010101010101010101010101010101010101010101010101010101010101010101010101010101
0101010010101010101010101010101010101010101010101010101010101010101010101010101010101010010101010101
0101010101010101010101010101010101010101010101010101010101010101010101010101010101010101010101010101
0101010101010010101010101010101010101010101010101010101010101010101010101010101010101010101010101010
1010101010101010101010101010101010100101010101010101010101010101010101010101010101010101010101010101
0101010101010101010101010101010101010101010101010101010101010101010101010101010101010101010101010101
010101010101010101010101010101010101010101011011011011??11011101111010101010110101010101010011010101
0101010101010101010101010101010101010101010101010101010101010101010101010101010101010101010010101010
1010110101?011110010101?0101111101111010101010101010101010101010101010101010101010101010101010101010
1010101010101010101010101010101010101010101010101010101010101010101010101010101010101010101010101010
1010101010101010001010101010101010101010101010101010101010101010101010101010101010101010101010101010
1010101010101010101010101010101010101010010101010101010101010101010101010101010101010101010101010101
0101010101010101010101010100101010101010101010101010101010101010101010101010101010101010101010101010
1010101010101010101010101010101010101010101010101010101010101010101010101010101010101010101010010101
0101010101010101010101010101010101010101010101010101010101010101010101010101010101010101010101010101
0101010101010101001010101010101010101010101010101010101010101010101010101010101010101010101010101010
1010101010101010101010101010101010101010101010101010101010101010101010101010101010101010101010101010
1010101010101010101010101010101010101010101010101010101010101101011010110111010101010101010101000010
1010101010101010101010101110101011111010101101010101010101011101101110110101010101101010101010111110
1101011101101110001101010101010101010101010101001010101010101010110101010111101110111101010101011?01
11110001011010100011101011101010100110101011010110001010010100110111?0101?01110101?01011111010101010
1001010101010101010101010100101010101010101010101010101010101010101010101010101010101010101010101010
1010101010101010101010101010101010101010101010100101011?????????????????????????????????????????????
????????????????????????????????????????????????????????????????????????????????????????????????????
????????????????????????????????????????????????????????????????????????????????????????????????????
????????????????????????????????????????????????????????????????????????????????????????????????????
????????????????????????????????????????????????????????????????????????????????????????????????????
????????????????????????????????????????????????????????????????????????????????????????????????????
????????????????????????????????????????????????????????????????????????????????????????????????????
?????????????????????????????????????????????????????????1010101010101010101010101010101010101010101
0101010101010101010101010101010101010101010101010101010101010100101010101010101010101010101010101010
1010101010101010101010101010101010101010101010101010101010101010101010101010101010101001010101010101
0101010101010101010101010101010101010101010101010101010101010101010101010101010101010101010101010101
010101010?101010101010101010101010101010101010101010101010101010101010101010101010101010101010101010
1010101010101010101010101010101001010101010101010101010101010101010101010101010101010101010101010101
0101010101010101010101010101010101010101010101010101010101010101010101010101010101010101010101010101
0101010101010101010101010101010101010101010101010101010101010101010101010101010101010100101010101010
1010101010101010101010101010101010101010010101010101010101010101010101010101010101010101010101010101
0101010100010101010101010101010101010101010101010101010101010101011010101010101110101011101111010101
1010101010101010101010010101010101010101010101010101010101010101010101010101010101001010110101010101
010101010101010101010101010101010100110011101010101011101?101011010101010100101101010011?01011101010
1101101101101010101010101010101001010101010101010101010101010101010101010101010101010101010101010101
0101010101010101010101010101010101010101010101010101010001010101010101010101010101010101010101010101
0101010101010101010101010101010101010101010101010101010101010101010101010101000101010101010101010101
0101010101010101010101010101010101010101010101010101010101010101010101010101010101010101010101010100
0101010101010101010101010101010101010101010101010101010101010101010101010101010101010101010101010101
0101010101010101010010101010101010101010101010101010101010101010101010101010101010101010101010101010
1010100010101010101010101010101010101010101010101010101010101010101010101010101010101010101010101010
101010101010101010101010101010101010101010101010101010101010101010101010?010101010101010101010101010
1010101010101010101010101010101010101010101010101010101010101010101010101010101010101010101010101010
1010101010101010101010101010101010101010101010101010101010101010101010101010101010101010101010101010
1010101010101010101010101010101010101010101010101010101010101010101010101010101010101010101010101010
1010101010101010101010101010101010101000101010101010101010101010101010101010101010101010101010101010
1010101010101010101010101010101010101010101010101010101010101010101010101010101010101010101010101010
1010101010101010101010101010101010101010101010101010101010101010101010101010101000101010101010101010
1010101010101010101010101010101010101010101010101010101010101010101010101010101010101010101010101010
1010101010101010101010101010101010101010101010101010101010101010101010101010101010101010101010101010
1010101010101010101010001010101010101010101010101010101010101010101010101010101010101010101010101010
1010101010101010101010101010101010101010101011010101010101010101010101010101010101010101010101010101
0101010101010101010101010101010101010101010101010101010101010101010101010101010101010101010101010101
0101010101010101010101010101010101010101010101010101010101010101010101010101010101010101010101010010
1010101010101010101010101010101010101010101010101010101010101010101010101010101010101010101010101010
1010101010101010101010101010101010101010101010101010101010101010101010101010101010101010101010101010
1010101010101010101010101010101010101010010101010101010101010101010101010101010101010101010101010101
0101010101010101010101010101010101010101010101010101010101010100010101010101010101010101010101010101
0101010101010101010101010101010101010101010101010101010101010101010101010101010101010100101010101010
1010101010101010101010101010101010101010101010101010101010101010101010101010101010101010101010101010
1010101010010101010101010101010101010101010101010101010101010101010101010101010101010101010101010101
0101010101010101010101010101010010101010101010101010101010101010101010101010101010101010101010101010
1010101010101010101010101010101010101010101010101010101010101010101010101010101010101010101010101010
1010101010101010101010101010101010101010101010101010101010101010101010101001010101010101010101010101
0101010101010101010101010101010101010101010101010101010101010101010101010101010101010101010101010101
0101010101010101010101010101010101010101010101010101010101010101010101010101010101010101010101010101
0101010101010101010101010101010001010101010101010101010101010101010101010101010101010101010101010101
0101010101010101010101010101010101010101010101010100101010101010101010101010101010101010101010101010
1010101010101010101010101010101010101010101010101010101010101010101010100101010101010101010101010101
0101010101010101010101010101010101010101010101010101010101010101010101010101010101010101010101001010
1010101010101010101010101010101010101010101010101010101010101010101010101010101010101010101010101010
1010101010101010101010101010101010101010101010101010101010101010101010101010101010101010101010101010
1010101010101010101010101010101010100101010101010101010101010101010101010101010101010101010101010101
0101010101010101010101010101010101010101010101010101010100101010101010101010101010101010101010101010
1010101010101010101010101010101010101010101010101010101010101010101010101010101000101010101010101010
1010101010101010101010101010101010101010101010101010101010101010101010101010101010101010101010101010
1001010101010101010101010101010101010101010101010101010101010101010101010101010101010101010101001010
1010101010101010101010101010101010101010101010101010101010101010101010101010101010101010101010101010
1010101010101010101010101010101010101010101010101010101010101??1010101010101010101010101010101010101
0101010101010101010101010101010101010101010101010101010101010101010101010101010101010010101010101010
1010101010101010101010101010101010101010101010101010101010101010101010101010101010101010101010101010
1010101001010101010101010101010101010101010101010101010101010101010101010101010101010101010101010101
0101010101010101010101010101010010101010101010101010101010101010101010101010101010101010101010101010
1010101010101010101010101010101010101010101010101010100101010101010101010101010101010101010101010101
0101010101010101010101010101010101010101010101010101010101010101010101010101010101010101010101010101
0101010101010101010101010101010101010101010101010101010101010101010101010101010101010100101010001010
1010101010101010101010101010101010101010101010101010101010101010101010101010101010101010101010101010
1010101010101010010101010101010101010101010101010101010101010101010101010101010101010101010101010101
0101010101010101010101010101010101001010101010101010101010101010101010101010101010101010101010101010
1010101010101010101010101001010101010101010101010101010101010101010101010101010101010101010101010101
0101010101010101010101010101010101010101010101010101010101010101010101010101010101010100010101010101
0101010101010101010101010101010101010101010101010101010101010101010101010101010101010101010101010101
0101010001010101010101010101010101010101010101010101010101010101010101010101010101010101010101010101
0101010101010101010101010101010010101010101010101010101010101010101010101010101010101010101010101010
1010101010101010101010101010101010101010101010101010001010101010101010101010101010101010101010101010
1010101010101010101010101010101010101010101010101010101010101010101010101010010101010101010101010101
0101010101010101010101010101010101010101010101010101010101010101010101010101010101010101010101010100
1010101010101010101010101010101010101010101010101010101010101010101010101010101010101010101010101010
1010101010101010101010101010101010101010101010101010101010101010101010101010101010101010101010101010
1010101010101010101010101010101010100010101010101010101010101010101010101010101010101010101010101010
1010101010101010101010101010101010101010101010101010101010010101010101010101010101010101010101010101
0101010101010101010101010101010101010101010101010100101010101010101010101010101010101010101010101010
1010101010101010101010101010101010101010101010101010101010101010101010101010101010101010101010101010
1010101010101010101010101010101010101010101010101010101010101010101010101010101010101010101010101010
101010101010101010101010101010101010101010101010101010101010101011101010100??10101101010101010101010
1010101010101010101010101010101010101010101010101010100101010101010101010101010101010101010101010101
0101010101010101010101010101010101010101010101010101010101010101010101010101010101010101010101010101
0101010101010101010101010101010101010101010101010101010101010101010101010101010101010101010100101010
10101010101010101010101010101010101010101010101011??????????????????????????????????????????????????
????????????????????????????????????????????????????????????????????????????????????????????????????
????????????????????????????????????????????????????????????????????????????????????????????????????
????????????????????????????????????????????????????????????????????????????????????????????????????
????????????????????????????????????????????????????????????????????????????????????????????????????
???????????????????????????????????????????0????????????????????????????????????????????????????????
??????????????????????????????????????????????????????????????00???????????0????????????????????????
??00?0?00????????00????0?000?00??0?1??0111111100111101110011001010101110101111111011101?????10101010
1010101010101010101010101010101010101010101010101010101010101010101010101010101010101010101010101010
1010101001010101010101010101010101010101010101010101010101010101010101010101010101010101010101010101
0101010101010101010101010101010101010101010101010101010101010101010101010101010101010101010101010101
0101010101010101010101010101010101010101010101010101010101010101010101010101010101010101010101010101
0101010101010101010101010101001010101010101010101010101010101010101010101010001010101010101010101010
1010101010101010101010101010101010101010101010101010101010101010101010101010101010101010101010101010
0101010101010101010101010101010101010101010101010101010101010101010101010101010101010101010101010101
0101010101010101010101001010101010101010101010101010101010101010101010101010101010101010101010101010
1010101010101010101010101010101010101010101010010101010101010101010101010101010101010101010101010101
0101010101010101010101010101010101010010101010101010101010101010101010101010101010101010101010101010
1010101010101010101010101010101011010110101011101010101010110101010101010100010101011010101111101111
1111110111111101010101101110110101010110101010010111010101010101010101010101010101010101010101010010
1101010101010101010101010101010101010101010101010101010101010101010101010101010101010101010101010101
0101010101010101010001010101010101010101010101010101010101010101010101010101010101010101010101010101
0101010101010101010101010101010101010101010010101010101010101010101010101010101010101010101010101010
1010101010101010101010101010101010101010101010101010101010101010101001010101010101010101010101010101
0101010101010101010101010101010101010101010101010101010101010101010101010101010101010101010001010101
0101010101010101010101010101010101010101010101010101010101010101010101010101010101010101010101010101
0101010101010100101010101010101010101010101010101010101010101010101010101010101010100010101010101010
1010101010101010101010101010101010101001010101010101010101010101010101010101010101010101010101010101
0101010101010101010101010101010101010101010101010101010101010100101010101010101010101010101010101010
1010101010101010101010101010101010101010101010101001010101010101010101010101010101010101010101010101
0110010101010110111110101011101111010101011101010101011?1001010100110101010101?0101010?0110100101010
1010101010101010101010101010101010101010101010101010101010101010101010101010101010101010101010101010
1010101010101010101010101010101010101010101010101010101010101010101010101010101010101010101010101010
1010101010101010101010101010101010100101010101010101010101010101010101010101010101010101010101010101
0101010101010101010101010101010101010101010101010101010101000101010101010101010101010101010101010101
0101010101010101010101010101010101010101010101010101010101010101010101010101010101010101010101010101
0101010101010101010101010101010101010101010101010101010101010101010101010101010101010101010101010101
0101010101010101010101010101010101010101010101010101010101010101010101010101010101010101010101010101
0101010101010101010101010101001010101010101010101010101010101010101010101010101010101010101010101010
1010101010101010101010101010101010101010101010101010001010101010101010101010101010101010101010101010
1010101010101010101010101010101010101010101010101010101010101010101010101010010101010101010101010101
0101010101010101010101010101010101010101010101010101010101010101000101010101010101010101010101010101
0101010101010101010101010101010101010101010101010101010101010101010101010101010101010101010101010101
0101010101010101010101010101010010101010101010101010101010101010101010101010101010101010101010101010
1010101010101010101010101010101010101010101010101010101010101010101010101010101010101010101010101010
1010101010101010101010101010101010101010101010101010101010101010101010101010010101010101010101010101
0101010101010101010101010101010101010101010101010101010101010101010101010101010101010101010101010101
0010101010101010101010101010101010101010101010101010101010101010101010101010101010101010101010101010
1010101010101010101010100101010101010101010101010101010101010101010101010101010101010101010101010101
0101010101010101010101010101010101010101010101000101010101010101010101010101010101010101010101010101
0101010101010101010101010101010100?01010101010101010101010101010101010101010101010101010101010101010
1010101010101010101010101010101010101010101010101010101010101010101010101010101010101010101010010101
0101010101010101010101010101010101010101010101010101010101010101010101010101010101010101010101010101
0101010101010101001010101010101010101010101010101010101010101010101010101010101010101010101010101010
1010100101010101010101010101010101010101010101010101010101010101010101010101010101010101010101010101
0101010101010101010101010101010101010101010101010101010101010101010101010010101010101010101010101010
1010101010101010101010101010101010101010101010101010101010101010101010101010101010101010101010100010
1010101010101010101010101010101010101010101010101010101010101010101010101010101010101010101010101010
1010101010101010101001010101010101010101010101010101010101010101010101010101010101010101010101010101
0101010101010101010101010101010101010101010001010101010101010101010101010101010101010101010101010101
0101010101010101010101010101010101010101010101010101010101010101010010101010101010101010101010101010
1010101010101010101010101010101010101010101010101010101010101010101010101010101010101010100010101010
1010101010101010101010101010101010101010101010101010101010101010101010101010101010101010101010101010
1010101010101001010101010101010101010101010101010101010101010101010101010101010101010101010101010101
0101010101010101010101010101010101010101010101010101010101010101010101010101010101010101010101010101
0101010101010101010101010101010101010101010101010101010101001010101010101010101010101010101010101010
1010101010101010101010101010101010101010101010100101010101010101010101010101010101010101010101010101
0101010101010101010101010101010101010101010101010101010101010101010101010101010101010101010101010101
0101010101010101010101010101010101010101010101010101010101010101010101010101010101010101010101010101
0101010101010101010101010101010101010101001010101010101010101010101010101010101010101010101010101010
1010101010101010101010101010101010101010101010101010101010101010001010101010101010101010101010101010
1010101010101010010101010101010101010101010101010101010101010101010101010101010101010100101010101010
1010101010101010101010101010101010101010101010101010101010101010101010101010101010101010101010101010
1010101010100101010101010101010101010101010101010101010101010101010101010101010101010101010101010101
0101010101010111010101010101010101000101010101010101010101010101010101010101010101010101010101010101
0101010101010101010101010101010101010101010101010101010101001010101010101010101010101010101010101010
1010101010101010101010101010101010101010101010101010101010101010101010101010101010101010101010101010
1010101010101010101010101010101010101010101010101010101010101010101010101010101010101010101010101010
1010100101010101010101010101010101010101010101010101010101010101010101010101010101010101010101001010
1010101010101010101010101010101010101010101010101010101010101010101010101010101010101010101010101010
1010101010101010101010101010101010101010101010101010101010101000101010101010101010101010101010101010
1010101010101010101010101010101010101010101010101010101010101010101010101010101010101001010101010101
0101010101010101010101010101010101010101010101010101010101010101010101010101010101010101010101010101
0101010101001010101010101010101010101010101010101010101010101010101010101010101010101010101010101010
1010101010101010101010101010101010101010101010101010101010101010101010101010101010101010101010101010
1010101010101010101010101010101010101010101010101010101010001010101010101010101010101010101010101010
1010101010101010101010101010101010101010101010101010101010101010101010101010101010010101010101010101
0101010101010101010101010101010101010101010101010101010101010101010101010101010101010101010101010101
0101010010101010101010101010101010101010101010101010101010101010101010101010101010101010101010101010
1010010101010101010101010101001010101010101010101010101010101010101010101010101010101010101010101010
101010101010101010101010101010101010101010101010100101010101010101010101010101010101010101010101011?
??11101010101010101010101010101000101010101010101010101010101010101010101010101010101010101001010101
0101010101010101010101010101010101010101010101010101010101010101010101010101010101010101010101010100
1010101010101010101010101010101100??????????????????????????????????????????????????????????????????
????????????????????????????????????????????????????????????????????????????????????????????????????
????????????????????????????????????????????????????????????????????????????????????????????????????
????????????????????????????????????????????????????????????????????????????????????????????????????
????????????????????????????????????????????????????????????????????????????????????????????????????
????????????????????????????????????????????????????????????????????????????????????????????????????
????????????????????????????????????????????????????????????????????????????????????????????????????
?????????????????????????????????10101??001??1111011110010101010101010101010101010101010101010101010
1010101010101010101010101010101010101010101010101010101010101010101010101110110101010101101010101101
0101011111101111111010010101010101010101010101010101010101010101010101010101010101010101010100101010
1010101010101010101010101010101010101010101010101010101010101010101010101010101010101010101010101010
1010101010101010101010101010101010101010101010101010101010010101010101010101010101010101010101010101
0101010101010101010101010101010101010101010101010101010101010101010101010101010101010101010101010101
0101010101010101010101010101010101010101010101010101010101010101010101010101010101010101010101010101
0101001010101010101010101010101010101010101010101010101010101010101010101010101010101010101010101010
1010101010101010101010101010101010101010101010101010101010101010101010101010101010101010101010101010
1010101010101010101010101010101010101010101010101010010101010101010101010101010101010101010101010101
0101010101010101010101010101010101010101010101010101010101010101010101010100010101010101010101010101
0101010101010101010101010101010101010101010101010101010101010110110101011111111101011??0101010101010
1010100101010101010101010101010101010101010101010101011010101010101010101010101010101010101010101010
0101010101010101010101010101010101010101010101010101010101010101010101010101010101010101010101010101
0101010101001?010100100111000110101011110110101101010010100101101010101?0101101011101001?00010101010
1010101010101010101010101010101010101010101010101010101010101010101010101010101010101010101010101010
1010101010101010101010101010101010101010101010100010101010101010101010101010101010101010101010101010
1010101010101010101010101010101010101010101010101010101010101010101010101010101010101010101010101010
1010101010101010101010101010101010101010101010101010101010101010101010101010101010101010101010101010
1010101010101010101010101010101010101010101010101010101010101010101010101010101010101010101010101010
1010101010101010100101010101010101010101010101010101010101010101010101010101010101010101010101010101
0101010101010101010101010101010101010101001010101010101010101010101010101010101010101010101010101010
1010101010101010101010101010101010101010101010101010101010101010001010101010101010101010101010101010
1010101010101010101010101010101010101010101010101010101010101010101010101010101010101010101010101010
1010101010101010101010101010101010101010101010101010101010101010101010101010101010101010101010101010
1010101010001010101010101010101010101010101010101010101010101010101010101010101010101010101010101010
1010101010101010101010101010101010010101010101010101010101010101010101010101010101010101010101010101
0101010101010101010101010100101010101010101010101010101010101010101010101010101010101010101010101010
1010101010101010101010101010101010101010101010101010101010101010101010101010101010101010101010010101
0101010101010101010101010101010101010101010101010101010101010101010101010101010101010101010101010101
0101010101010101000101010101010101010101010101010101010101010101010101010101010101010101010101010101
0101010101010101010101010101010101010101001010101010101010101010101010101010101010101010101010101010
1010101010101010101010101010101010101010101010101010101010101010100101010101010101010101010101010101
0101010101010101010101010101010101010101010101010101010101010101010101010101010101010100010101010101
0101010101010101010101010101010101010101010101010101010101010101010101010101010101010101010101010101
0101010101001010101010101010101010101010101010101010101010101010101010101010101010101010101010101010
1010101010101010101010101010101010110101010101010101010101010101010101010101010101010101010101010101
0101010101010101010101010101010101010101010101010101010100010101010101010101010101010101010101010101
0101010101010101010101010101010101010101010101010101010101010101010101010101010101010101010101010101
0101010101010101010101010101010101010101010101010101010101010101010101001010101010101010101010101010
1010101010101010101010101010101010101010101010101010101010101010101010101010101010101010101010101010
1010101010101010101010101010101010010101010101010101010101010101010101010101010101010101010101010101
0101010101010101010101010101010101010101010101010101010100010101010101010101010101010101010101010101
0101010101010101010101010101010101010101010101010101010101010101010101010101010101001010101010101010
1010101010101010101010101010101010101010101010101010101010101010101010101010101010101010101010101010
1010100010101010101010101010101010101010101010101010101010101010101010101010101010101010101010101010
1010101010101010101010101010100101010101010101010101010101010101010101010101010101010101010101010101
0101010101010101010101010101010101010101010101010101010010101010101010101010101010101010101010101010
1010101010101010101010101010101010101010101010101010101010101010101010101010100010101010101010101010
1010101010101010101010101010101010101010101010101010101010101010101010101010101010101010101010101010
1001010101010101010101010101010101010101010101010101010101010101010101010101010101010101010101010101
0101010101010101010101010010101010101010101010101010101010101010101010101010101010101010101010101010
1010101010101010101010101010101010101010101010101010101010101010101010101010101010101010101010101010
1010101010101010101010101010101010101010101010101010101010101010101010101010101001010101010101010101
0101010101010101010101010101010101010101010101010101010101010101010101010101010101010101010101010101
0100010101010101010101010101010101010101010101010101010101010101010101010101010101010101010101010101
0101010101010101010101010100010101010101010101010101010101010101010101010101010101010101010101010101
0101010101010101010101010101010101010101010101010100101010101010101010101010101010101010101010101010
1010101010101010101010101010101010101010101010101010101010101010101010101000101010101010101010101010
1010101010101010101010101010101010101010101010101010101010101010101010101010101010101010101010101000
1010101010101010101010101010101010101010101010101010101010101010101010101010101010101010101010101010
1010101010101010101010101010101010101010101010101010101010101010101010101010101010101010101010101010
1010101010101010101010101010101010101010101010010101010101010101010101010101010101010101010101010101
0101010101010101010101010101010101010101010101010101010101010101010100101010101010101010101010101010
1010101010101010101010101010101010101010101010101010101010100101010101010101010101010101010100101010
1010101010101010101010101010101010101010101010101010101010101010101010101010101010101010101010101010
1010101010101010101010101010101010101010101010101010101010101010101010101010101010101010101010101010
1010101010101010101010101010101010101010101010100010101010101010101010101010101010101010101010101010
1010101010101010101010101010101010101010101010101010101010101010101010010101010101010101010101010101
0101010101010101010101010101010101010101010101010101010101010101010101010101010101010101010101001010
1010101010101010101010101010101010101010101010101010101010101010101010101010101010101010101010101010
1010101010101010101001010101010101010101010101010101010101010101010101010101010101010101010101010101
0101010101010101010101010101010101010101010001010101010101010101010101010101010101010101010101010101
0101010101010101010101010101010101010101010101010101010101010101010101010101010101010101010101010101
0101010101010101010101010101010101010101010101010101010101010101010101010101010101010100101010101010
1010101010101010101010101010101010101010101010101010101010101010101010101010101010101010101010101010
1010101001010101010101010101010101010101010101010101010101010101010101010101010101010101010101010001
0101010101010101010101010101010101010101010101010101010101010101010101010101010101010101010101010101
0101010101010101010101010101010101010101010101010101010101010101001010101010101010101010101010101010
1010101010101010101010101010101010101010101010101010101010101010101010101010101010101000101010101010
1010101010101010101010101010101010101010101010101010101010101010101010101010101010101010101010101010
1010101010010101010101010101010101010101010101010101010101010101010101010101010101010101010101010101
0101010101010101010101010101010010101010101010101010101010101010101010101010101010101010101010101010
1010101010101010101010101010101010101010101010101010100010101010101010101010101010101010101010101010
1010101010101010101010101010101010101010101010101010101010101010101010101010100101010101010101010101
0101010101010101010101010101010101010101010101010101010101010101010101010101010101010101010101010101
00010101011?????????????????????????????????????????????????????????????????????????????????????????
????????????????????????????????????????????????????????????????????????????????????????????????????
????????????????????????????????????????????????????????????????????????????????????????????????????
????????????????????????????????????????????????????????????????????????????????????????????????????
????????????????????????????????????????????????????????????????????????????????????????????????????
????????????????????????????????????????????????????????????????????????????????????????????????????
????????????????????????????????????????????????????????????????????????????????????????????????????
?????????????11??10010101010101101101010111010101010101010101010101010101010101010101010101010101010
1010100101010101010101010101010101010101010101010101010101010101010100101010101010101101011101010101
1101011101111010011101010101010101010101010101010101010101010101010101010101010101010101010101010101
0101010101010101010101010101010101000101010101010101010101010101010101010101010101010101010101010101
0101010101010101010101010101010101010101010101010101010100101010101010101010101010101010101010101010
1010101010101010101010101010101010101010101010101010101010101010101010101010101010001010101010101010
1010101010101010101010101010101010101010101010101010101010101010010101010101010101010101010101010101
0100101010101010101010101010101010101010101010101010101010101010101010101010101010101010010101010101
0101010101010101010101010101010101010101010101010101010101010101010101010101010101010101010101010101
0101010101010101010101010101010101010101010101010101010101010101010101010101010101010101010101010101
0101010101010101010101010101010101010101010101010101010101010101010101010101010010101010101010101010
1010101010101010101010101010101010101010101101101010101110101011010110101011101101010101010110?1?101
0101010101010101010101010101010101010101010101010101010110101111010101010101010101010101010101010101
0101010101010101010101010101010101010101010101010101010101010101010110101010101010101010101010110010
10101011000111101?1010101010101010101010101010101?11010010101010101010110101010101100010101010101010
1010101010101010101010101010101010101010101010101010101010101010101010101010101010101010101010101010
1010101010101010101010101010101010101010101001010101010101010101010101010101010101010101010101010101
0101010101010101010101010101010101010101010101010101010101010101010001010101010101010101010101010101
0101010101010101010101010101010101010101010101010101010101010101010101010101010101010101001010101010
1010101010101010101010101010101010101010101010101010101010101010101010101010101001010101010101010101
0101010101010101010101010101010101010101010101010101010101010101010101010101010101010101010101010101
0101010101010101010101010101010101010101010101001010101010101010101010101010101010101010101010101010
1010101010101010101010101010101010101010101010101010101010101010101010010101010101010101010101010101
0101010101010101010101010101010101010101010101010101010101010101010101010101010101010101010101001010
1010101010101010101010101010101010101010101010101010101010101010101010101010101010101010101010101010
1010101010101010101001010101010101010101010101010101010101010101010101010101010101010101010101010101
0101010101010101010101010101010101010101010010101010010101010101010101010101010101010101010101010101
0101010101010101010101010101010101010101010101010101010101010101000101010101010101010101010101010101
0101010101010101010101010101010101010101010101010101010101010101010101010101010101010101001010101010
1010101010101010101010101010101010101010101010101010101010101010101010101010101010101010101010101010
1010101010100101010101010101010101010101010101010101010101010101010101010101010101010101010101010101
0101010101010101010101010101010101001010101010101010101010101010101010101010101010101010101010101010
1010101010101010101010100010101010101010101010101010101010101010101010101010101010101010101010101010
1010101010101010101010101010101010101010101010101010101010101010101010101010101010101010100101010101
0101010101010101010101010101010101010101010101010101010101010101010101010101010101010101010101010101
0101010101010010101010101010101010101010101010101010101010101010101010101010101010101010101010101010
1010101010101010101010101010101010101001010101010101010101010101010101010101010101010101010101010101
0101010101010101010101010101010101010101010101010101010101010010101010101010101010101010101010101010
1010101010101010101010101010101010101010101010101010101010101010101010101010101010010101010101010101
0101010101010101010101010101010101010101010101010101010101010101010101010101010101010101010101010101
0101001010101010101010101010101010101010101010101010101010101010101010101010101010101010101010101010
1010101010101010101010101010100101010101010101010101010101010101010101010101010101010101010101010101
0101010101010101010101010101010101010101010101010001010101010101010101010101010101010101010101010101
0101010101010101010101010101010101010101010101010101010101010101010101001010101010101010101010101010
1010101010101010101010101010101010101010101010101010101010100101010101010101010101010101010101010101
0101010101010101010101010101010101010101010101010101010101010101010101010101010101010101010101010101
0101010101010101010101010101010101010101010101010101010101010101010101010101010101010101010101010101
0101010101010101010101010101010101010101010101010100101010101010101010101010101010101010101010101010
1010101010101010101010101010101010101010101010101010101010101010101010101001010101010101010101010101
0101010101010101010101010101010101010101010101010101010101010101010101010101010101010101010100010101
0101010101010101010101010101010101010101010101010101010101010101010101010101010101010101010101010101
0101010101010100101010101010101010101010101010101010101010101010101010101010101010101010101010101010
1010101010101010101010101010101010101000101010101010101010101010101010101010101010101010101010101010
1010101010101010101010101010101010101010101010101010101010001010101010101010101010101010101010101010
1010101010101010101010101010101010101010101010101010101010101010101010101010100010101010101010101010
1010101010101010101010101010101010101010101010101010101010101010101010101010101010101010101010101010
0101010101010101010101010101010101010101010101010101010101010101010101010101010101010101011010101010
1010101010101010101010101010101010101010101010101010101010101010101010101010101010101010101010101010
1010101010101010101010101010101010101010101010101010101000101010101010101010101010101010101010101010
1010101010101010101010101010101010101010101010101010101010101010101010101010010101010101010101010101
0101010101010101010101010101010101010101010101010101010101010101010101010101010101010101010101010001
0101010101010101010101010101010101010101010101010101010101010101010101010101010101010101010101010101
0101010101010101010010101010101010101010101010101010101010101010101010101010101010101010101010101010
1010101010101010101010101010101010101001010101010101010101010101010101010101010101010101010101010101
0101010101010101010101010101010101010101010101010101010101001010101010101010101010101010101010101010
1010101010101010101001010101010101010101010101010101010101010101010101010101010010101010101010101010
1010101010101010101010101010101010101010101010101010101010101010101010101010101010101010101010101010
1010101010101010101010101010101010101010101010101010101010101010101010101010101010101010101010101010
1010101010101010101010101010101010101010101010101010101010101010101010101010101010101010101010101010
1010101001010101010101010101010101010101010101010101010101010101010101010101010101010101010101010101
0101010101010101010101010101010101010101010101010101010101010101010101001010101010101010101010101010
1010101010101010101010101010101010101010101010101010101010101010101010101010101010101010101001010101
0101010101010101010101010101010101010101010101010101010101010101010101010101010101010101010101010101
0101010101010010101010101010101010101010101010101010101010101010101010101010101010101010101010101010
1010101010101010101010101010101001010101010101010101010101010101010101010101010101010101010101010101
0101010101010101010101010101010101010101010101010101010001010101010101010101010101010101010101010101
0101010101010101010101010101010101010101010101010101010101010101010101010101010101010101010101010101
0101010101010101010101010101010101010101010101010101010101010101010101010101010101010101010101010101
0010101010101010101010101010101010101010101010101010101010101010101010101010101010101010101010101010
1010101010101010101010100101010101010101010101010101010101010101010101010101010101010101010101010101
0101010101010101010101010101010101010101010101010101010101010101010101010101010101010101010101010101
0101010101010101010101010101010101000101010101010101010101010101010101010101010101010101010101010101
0101010101010101010101010101010101010101010101010101010101010101010101010101010101010101010101010101
0101010101010101010101010101010101010101010101010101010101010101010101010101010101010101010101010101
0101010101010101010101000101010101010101010101010101010101010101010101010101010101010101010101010101
0101010101010101010101010101010101010101010101001010101010101010101010101010101010101010101010101011
00
