Samples:
o111010101111111011111111111111110100001101100001101100011111101110010000110110000110111111101100001
1010000111111001110110111101111111011101111110000111111111110111111101100001101000011011110101011011
1101000011011111111111111110111111111100001111100001101100011011011010011111111100001111100011111111
1101010000110111111101010011111110111011110100001111111111101111111011110101010000110111111111110001
1010000110110000111101101010111011101111111111011111111111111110111111101111111111111111011111110110
0001111000111111000011010110110111111110111111101000001111101011111111110111111100111011101110110001
1011000011010000111111111110111111101111110101111111011110101010000110111111101110111111000011111000
0110111111101100001101000011011100011011111110110000100111111101000001101111111111111010000110110000
1101111111011000011011111110111111110111111101100001101000011011100010010000110111101010100001101111
1111111111110111111111111111101111111011111101011111110111001110111111101000011011111111111111110111
1111111111111011111111010000110111101010111111101111111011111111011111110111111110111111101111111101
1011111111111101111111111111111011111111111111110111111111111111101111111111111111011111110110000110
1000011011100010111111101111111111111111011111110111101010100001101111111101000011011111111011111110
1111111011101111011000110111000110100001101100001101000011011110101011111110111101010100001101100001
0011111110100001101111111101111111011000011011011110110000111111111101111111111000011011111110111000
1001000011111000011010000110111001001100000000000000000000000000000000000000000000000000000000000001
0010000001000000011101110111011010111111101100011011000011011111110100001101100001100111110101111111
0110001111111111101111111011100010111110000000000000010000000000000000000000000000110000110000000101
0000011111111111010000110110000110111111101111111011000011011111110111111110111111101111111001111111
0111111111100001101111111011000011011111110111111100111111101000001101101111010000110111011110111111
1011000011011111110111111110111111101100001101100011011000011010000110110000111100001101111011111100
0110111111111110111101000011011000011110000110111111010111111101100001001000011011111111010000110111
1111111111111010000110110000110110110100001111110001001000011011111101011111110110001110111111101100
0110111000110100001101111111101111111011111111011011110111111101100001101111111011111111011011111110
0011101111111011000111010000111111001111100001101000011011111111110000111110000110110001101110111101
1000110111000110111111101111111101000011011000110111000110100001101100001111111111010001101000011111
1101010111111101100001001111111011111110110000110100001101111111101000011011000011010000110111000100
1101111011000111010000110100001111110001101111111011101111011111110110000110110001101100001101100011
0111111010100001101111111111000011011000110111111110100001101111110101111111011000011010000110100000
1111101111110000110111111110111111101100001101111111011111111011111110111111110110001101100011011000
0111100001101110111101000011011000011010000110111111110111111101111010101111111011111110111011110100
0011011000011011111110111111101100001101100011011000011011011110110000110111111101100011001000011011
1111101111111101111111011100011010000110111111010100001101111111111111111011111110111111110100001101
1110101011111110110000110111111101100011101000011011111111111000111110001101111111101111111011111111
0100001101100001101111111011111110111011110111111101100001101111111011000011010000110111101011111111
1011100111111111110100001101100001111111111011111111010000110110001101110111101111111011111101011111
1101000011111111110100001111111111111111111011110101010000110110000110100001101111111111000011010000
1101100001101100011011000011011111110111111110110001101100001111111111011111111110000110111111101111
1111011000110110000110111111101111111111111111010000111110000110111111101100001101111111011000011011
1111101110111101111111111001011010000110111111111111111101111010101111111011000011011111110110000100
1000011011111111111000110111111111111111001111111111000111010000110111001101111111111111111011100011
0100001101111111101100011011100011010000110110000100100001101100011101101111010000111110000110100001
1011111111011111110111000110100001101111111101111111111110101011111110111111101100001101000011011000
0110111111111100001101111111011111111010000111111111101100001101111111011101111011011111110001111110
1111011000110111011110100001111111111101111111011110101011111110100001101100001101000011111111111011
1111101100001101000011011100011011100110110000111111111101100001111111111110000111111111110110001101
1000011011111110111111110111111101100001101111111011000010011011011101111010000110111111110100001101
1000011010000110110000110100001101111010111100011011000011110000110111111111111111101111111111111111
1111111101100001101111111011000011011111110110001111100001101000011111100011011000111110000111111111
1011111111010000110110001110110111101000011111100011011111111111011110100001101111111101111111011000
0110100001101111010101111111011111111111111110100001101111111111000011111000011011000110111111010111
1111010000111111000110111111101110111101111111011000011011111110110000111111111101111111111000011011
1111101100001101000011011111111110000111110000110111111101100001101111111011000011011000110110001101
1000011010000111111111110111111111111111101111111011000011111111110111111101111111111111111011100011
0100001101100001101100011011000011011111111110000110111111101111111011111111110000110110000110111111
1011111111011111110110000110100001101111010101000011111111111111011110111111101100001101000011011110
1010100001101111010101000011111000011010011101000011111110101111011110100001101110111101000011111111
1110111111101100001101111111011110111011111110111111101100001101000011011000011111111111111011110100
0011011111101011111110111111110100001101111111111101111010000110111111110111111101000001101111111011
0001111110111101000011011101111111111110111000110100001011011111111011111110110000110111111101100001
1010000110111111110111111101111111101000011011111101011111110110001110110111101000011111000011011111
1101111110101000011011111101010000110111101011110001101100011011000011011111111110000110100001101100
0011011111110110000110111111101100001101111111011000011011000110111111111100001111111111011111101111
1111101100001111111111111111111111111110100001101110111101111111011110101010000110111101011111111101
1110101011011110100001111111111101111111011000011010000110111111010100001101111010111111111011111111
1100001111111111011000011011111110110000110100001101111010111000011111111110111011110100001101100001
1011111110110000110100001101111010101111111011110101011111110111111111110001101111111110000000000000
0000000000000000000000000000000000000000000000000000000000000000000000000010000000000000000000000000
0000000000000000000000000000000000000000000000000000000000000000000000000000000000000000001100000001
0100000001000000110010000000000000010000001010000100000000000000000000000000000000000000000000000000
0000000000000000000000000000000000000000000000000000000000000000000000000000000000000000000000000000
0000000000000000000000000000000000000000000000000000000000000000000000000000000000000000000000000000
0000000000000000000000000000000000000000000000000000000000000000000000000000000000000000000000000000
0000000000000000000000000000000000000000000000000000000000000000000000000000000000000000000000000000
0000000000000000000000000000000000000000000000000000000000000000000000000000000000000000000000000000
0000011000000000000000000000000000001111000000000000000000010000000011111000000000000000000000000000
0000000000000000000000000000000000000000000000000000000001111000000011000011100000000000000000000001
0000000000000000000000100000000010000000000000000001000100000000000000000000111110011000000000000000
0000000000000000000000000000000000000000000000000000000000000000000000000000000000000000000000000000
0000000000000000000000000000000000000000000000000000000000000000000000000000000000000000000000000000
0000000000000000000000000000000000000000000000000000000000000000000000000000000000000000000000000000
0000000000000000000000000000000000000000000000000000000000000000000000000000000000000000000000000000
0000000000000000000000000000000000000000000000000000000000000000000000000000000000000000000000000000
0000000000000000000000000000000000000000000000000000000000000000000000000000000000000000000000000000
0000000000000000000000000000000000000000000000000000000000000000000000000000000000000000000000000000
0100000000000000000000000000000000000000000000000000000000000000000000000000000000000000000000000000
0000000000000000000000000000000000000000000000000000000000000000000000000000000000000000000000000000
0000000000000000000000000000000000000000000000000000000000000000000000000000000000000000000000000000
0000000000000000000000000000000000000000000000000000000000000110000000000000000000000001000000000010
0000000000010000000000000000000000000100001000000000000000000100000000000000000000000100000100000000
0000000000000000000000000000000111000010000000000000000000000000000000000000000000000000000000000000
0000100000000000000000000010000000000011000000101000000000000000000000010000000001001100000000000001
0000000000000010000000000000100000010000000000000010000000000000100001110100000000000000100000000000
0100000000100000000100000000010000011011000000000000000000000001011000000010100010010000000000000000
0000000000000000001100010001000000001111010000000000000001100000101000010000000000000000000000000000
0000000000000000000000000000000000000000000000000000000000000000000000000000000000000000000000000000
0000000000000000000000000000000000000000000000000000000000000000000000000000000000000000000000000000
0000000000000000000000000000000000000000000000000000000000000000000000000000000000000000000000000000
0000000000000000000000000000000000000000000000000000000000000000000000000000000000000000000000000000
0000000000110000000000000000000000000000000000000000000000000000000011000000000000000000000000000000
0000000000000000000000000000000000000000000000000000000000000000000000000000000000000000100000000000
0000000000000000000000000000000011000000000000000000000000000000000000000000000000000111000000000000
0000000000000000000000000000000000000000000000000000000000000000000000000000000000000000000000000000
0000000000000000000000000000000000000000000000000000000000000000000000000000000000000000000000000000
0000000000000000000000000000000000000000000000000000000000000000000000000000000000000000000000000000
0000000000000000000000000000000000000000000000000000000000000000000000000000000000000000000000000000
0000000000000000000000000000000000000000000000000000000000000000000000000000000000000000000000000000
0000000000000000000000000000000000000000000000000000000000000000000000000000000000000000000000000000
0000000000000000000000000000000000000000000000000000000000000000000000000010000000000000000000000000
0000000000000000000000000000000000000000000000000000000000000000000000000000000000000000000000000000
0000000000000000000000000000000000000000000000000000000000000000000000000000000000000000000000000000
0000000000000000000000000000000000000000000000000000000000000000000000000000000000000000000000000000
0000000000000000000000000000000000000000000000000000000000000000000000000000000000000000000000000000
0000000000000000000000000000000000000000000000000000000000000000000000000000000000000000000000000000
0000000000000000000000000000000000000000000000000000000000000000000000000000000000000000000000000000
0000000000000000000000000000000000000000000000000000000000000000000000000000000000000000000000000000
0000000000000000000000000000000000000000000000000000000000000000000000000000000000000000000000000000
0000000000000000000000000000000000000000000000000000000000000000000000000000000000000000000000000000
0000000000000000000000000000000000000000000000000000000000000000000000000000000000000000000000000000
0000000000001111111100110000001111111001111010011100000111111000111101001110111001111111011101100110
0000001100000011000000110000000100000001111110011000000011111100110000001100000001000000011111100110
0000001000000011100000111111000111111001111110011000000011110100111111001100000001111111011111100111
1110001111110011111100110000000111110001111110011100000010000000111011001111110001111010011000000111
1110001111110011000000111000000100000001100000011101100011000000110000001100000011111100011000000111
1110011000000011110100111011001100000001111111111101100110000000111101001100000011111100000011111100
1110111001000000011000000111111000110000001110000011010000011111100100000001100000011000000010000000
1100000011000000011111110111111001111110001000000011101100111111000100000001111110011111100011111111
0111110001111111011100000111111100100000001111110001111111011101100011111100110000000100000001110110
0010000000110000000100000001100000001111100011110100111111010011111100011111000110000001111110001000
0000111111000111111001100000001111110011111100011100000111111100100000001110110001000000011111100011
1111001111110001100000011000000011111000111111000111110001110000011000000011110100111111000111111001
1111100010000000110000000111111001110110001000000011111100010000000000100111110111011111100111000000
1111100011000000011111000110000000111111001111110011100000011110100111111100111111001110110001000000
0110000000100000001100000001111100011000000011111000111111001110000001111110011100000011000000111111
0001000000011000000011000000110000000111101001110110001111110011000000011111000111011000100000001111
1100011111110111000001111110001000000011111110010000000111111000100000001110110001000000011101100010
0000001100000001111100011111110111111000111101001110111001000000011000000011111100111111000100000001
1101100011000000111111001100000001110000011111100011000000110000000111101001100000001100000011101100
0111111101110110001111100011111110110000000111111001100000001111110011000000011110100111000000111000
0011001110110001000000011000000010000000111111001110000001100000001000000011111100010000000110000000
1000000011111100011111000110000001111110001111010011000000011000000110000000110000001100000001110000
0110000000111111001110111001000000011000000011111110111111100100000001110110001000000011000000011111
1001100000001000000011000000011111000111000001100000001111010011101110011111100111111000100000001100
0000011000000111111000110000001110110001111100011111110010000000111111001100000001100000011111100010
0000001110000001111110011111100011111100110000000111111110011100000011111000111100000100000001111111
0011111000111011001100000001100000001100000011000000011111000110000001100000001100000011000000011000
0001111110001100000011101100011111100110000000111111001111111011111111011000000110000000110000001100
0000011110100111000000110000001110000001111010011111100011110100111111000100000001100000001100000011
1111100111111001110000001000000011000000011011111100111111000100000001111110001111110011000000011000
0001110110001111100011101100011111000111111101111110001111010011000000011111100111111000111101111001
1111000111111101111110001000000011111100011111000110000000110000001111110001111110011000000011000000
1100000001111100011110110111111000111111001100000001100000011111100011111111111111001100000001100000
0111111100111111001111000001000000011000000010000000110000000111110001100000001000000011100000110000
0001111110011110000011000000110000000111000001100000001100000011000000011000000110000000100000001111
1100011000000111111000111111001110110001000000011111100011000000111111001111110001111010011111100011
1111001100000001100000001000000011110100110000000111111111100000001111110011101100010000000111111000
1000000011101100010000000111111000100000001110110001100000011111100110000000110000000111110001111110
0111000000111111101110110001000110111001111111001111110011111100011111000111011000100000001111110001
1111100111111000111111001111010001110111011110000111110100111011101100000011111111111101100111000000
1111010011111100111110000110000001110000011000000010000000111111001100000011111100011111100111111000
1100000011100000110000000111101001110110011111100010000000111111101111111001100000011101100111111000
1100000111101100110000000111101001110000011000110010000000110000001111110001000000011111100011110100
1000011011101100111111000100000001100000011100000011111100111111001100000001111010011101110111111000
1000000011111100010000000110000001110000001111111111110110110000001111110001111010011000000111111100
1111010011101100011111100111000001111110001100000011000001110110001110000001111110011111100010000000
1110110011000000011000000110000001100000011101100010000000111011001110011101000000011111100110000000
1100000011101100110000000110000001111110011111100010000000110000001100001001111100011100100111111001
1111110011000000111111000110000001111110011101100010000000111111001110000001111110011000000111111000
1100000011000000111011000111110001000000011000000111111000110000001110110011000000011111100111011101
1111100011111100110000001110000001111010011111100111111000100000001100000011111100010000000111000100
1111000111111001111110011111100011111100110000001111110001111110011111100111000000111110001111111011
0000000111111001111110011101100011111110100000001111110001111110011000000111111000111111001100000011
1111000111100100011111000111101001111110001111110011111100111111000111111101110110011111100010000000
1100000011111100010000000111011001111110001111110011101100111111000100000001110110001111111011111100
1100000001100000011111100110000000111111001110000011111100011000000111111001100000001111111011111100
0111111001110110011111100011000000111000001100000001111111010000000110000000111110001000000001100010
0000001111110011111111011110100110000000111101001110111001000000011000000011111100111011000100000001
1111100011111100111000111111001111110001111100011101100011111000110000000100000001100000001111100011
0000001111110001000000011111100011000000111011000111111001100000001111110011101110010000000111111001
1000000011111110111111000111000001111110001000000011111100011111000111011100100000001110110001111100
0110000000111110001000000011111100011000000110000000100000001111110001111110011111110010000000111011
0000001100000011000000111000000100000001110110011000000011111110111011000110000001111010011101100111
1111101111010011000000011111100111101001100000001111100011000000110000000100000001111010011111100111
0000001100000011101100110000000111111001110110011111100010000000110000001110110001000000011000000111
0000001111110011111100111000001111111001100000011100000011000000111101001110110001111110001100000001
0000000111011000100000001100000001000000011000000010000000110000000111110001110000001000000011000000
0111110001111011011000000011000000111111000111101001111110001111100011111100010000000110000000100000
0011101100010000000111111000111110001100000001111100011100000111111100111111001111110001000000011111
1000111111110011000000011111110110000000111110001111111011111100011000000111111000100000001100000001
1000000111111000111111001100000001100000011101100010000000111000000100000001100000001000000111001100
0000110000001100000001111010011111100110001111110001000000011111100011111000111111000111111101110000
0011111100111111001100000001100000001000000011000000011111000111111001111110001000000011000000011110
1001110000001000000011000000011000000110000000111101001100000001111110011000000011111110111011001000
0111111001111110001000000011111100011111110111101001100000001100000001000000011110110111111000111110
0011101100011111110111000000100000001111010001111110011110100110000000110000001100000001100000011111
1000110000001111111101100000011000000010000000111011000100000001100000001111100011000000010000000111
0000011000000011111100111111000100000001100000001100000011110000011000000111111000111111101111110001
0000000110000000111110001000000001111110011110100111111000100000001111110001111100011111110111111000
1111010011111100011000000111111000100000001111110001100000011100000011000000110000000111110001111110
0011000000110000000111110001111110011111100011111110111111000100000001111110001000000011000000010000
0001111110011000000011100000110001111110011000000011111000111111001100000001111010011111100011000000
1100000001111110011000000011110100111111100100000001110110001111100011000000011111000111101001110000
0011000000110000000110000001100000001110000011000000011111100111000000100000001111110001111100011000
0000111111001110110001110000011111100010000000111011001111110001111110011000000011110100111111000111
0000011111100011111100111000000110000001100000001111100011110000011111000110000000100000001111110011
1000000110000001100000001100000011101101111110001000000001111010011101100110000000111111111111111001
0000000111111000111000001100000001000000011000000011101100110000000111110001111110001111110011000100
0111111001100000001111110011111100010000000111111000111110001100100001111100011000000111011000111111
0011000000111111000111111000111111111100000011111110011100000111111000110100011111111101111110011100
0000111110001100000011000000011111100110000001111110001000000011101100011111000110000000100000101110
1100011100010100011000000111111000110010001110000011111100010001000111111000111101101110110001111110
0111111001111110001000001011000000010000000110000000100000001111110001111100111100000011110100110000
0111000000011100000110000110100000001110101001000000011101100111111000111111000111110001000000011100
1000100000100010000101000000000001001110100001111110001111110011000000011111000111000000111111101110
1100111111000111101101100100001111100011000000111111000111011101110000001110000011111100010000100110
0000001100000011111110011111100111111000111110001100000001111110010000000110000000110000001111110001
0000000110000000110000001100000001110011101100111111000100110001111000001111111000100110011101110000
0111111100110000000111100001000000101110000010010010111111100111111100111010001100000101100001001111
1100111111101100000101100000011000000110000000100000001111111001000000011000110011101101011111110111
0110001111110001011000111010000110000010111000001100000001010001011000000111111100110110101100011001
1111100010000000111011100111111100000000000000000000000000000000000000000000000000000000000000000000
0000000000000000000000000000000000000000000000000000000000000000000000000000000000000000000000000000
0000000000000000000000000000000000000000000000000000000000000000000000000000000000000000000000000000
0000000000000000000000000000000000000000000000000000000000000000000000000000000000000000000000000000
0000000000000000000000000000000000000000000000000000000000000000000000000000000000000000000000000000
0000000000000000000000000000000000000000000000000000000000000000000000000000000000000000000000000000
0000000000000000000000000000000000000000000000000000000000000000000000000000000000000000000000000000
0000000000000000000000000000000000000000000000000000000000000000000000000000000000000000000000000000
0000000000000000000000000000000000000000000000000000000000000000000000000000000000000000000000000000
0000000000000000000000000000000000000000000000000000000000000000000000000000000000000000000000000000
0000000000000000000000000000000000000000000000000000000000000000000000000000000000000000000000000000
0000000000000000000000000000000000000000000000000000000000000000000000000000000000000000000000000000
0000000000000000000000000000000000000000000000000000000000000000000000000000000000000000000000000000
0000000000000000000000000000000000000000000000000000000000000000000000000000000000000000000000000000
0000000000000000000000000000000000000000000000000000000000000000000000000000000000000000000000000000
0000000000000000000000000000000000000000000000000000000000000000000000000000000000000000000000000000
0000000000000000000000000000000000000000000000000000000000000000000000000000000000000000000000000000
0000000000000000000000000000000000000000000000000000000000000000000000000000000000000000000000000000
0000000000000000000000000000000000000000000000000000000000000000000000000000000000000000000000000000
0000000000000011000000000000000000000000011000000000000000000000000000000001100000000000100000000000
0000000000000000000000000000000000000000000011000000000000000000000000000000000000000000000000000000
0000000000000000000000000000000000000000000000000000000000000110000000000000000000000000000000000000
0000000000000000000000000000000000000000000000000000000000000000000000000110000000000010000000000000
0000000000000000000000000000000000000000000000000000000000000000000000000000000000000000000000000000
0000000000000000000000000000000000000011000000000000001000000000000000000000000000000000001000000000
0000000000000000000000000000000000000000000000000000000000000000000000000000000000000000000000000000
0000000000000000000000000000000000000000000000000000000000000000000000000000000000000000000000000000
0000000000000000000000000000000000000000000000000000000000000000000000000000000000000000000000000000
0000000000000000000000000000000000000000000000000000000000000000000000000000001000000000000000000000
0000000000000000000000000000000000000000000000000000000000000000000000000000000000000000000000000000
0000000000000000000000000000000000000000000000000000000000000000000000000000000000000000000000000000
0000000000000000000000000000000000000000000000000000000000000000000000000000000000000000000000000000
0000000000000000000000000000000000000000000000000000000000000000000000000000000000000000000000000000
0000000000000000000000000000000000000000000000000000000000000000000000000000000000000000000000000000
0000000000000000000000000000000000000000000000000000000000000000000000000000000000000000000000000000
0000000000000000000000000000000000000000000000000000000000000000000000000000000000000000000000000000
0000000000000000000000000000000000000000000000000000000000000000000000000000000000000000000000000000
0000000000000000000000000000000000000000000000000000000000000000000000000000000000000000000000000000
0000000000000000000000000000000000000000000000000000000000000000000000000000000000000000000000000000
0000000011111111011000110011111110110001110100001111011011111101111011111110111111100110111111111011
0111011010111001111110111101000011011101101011111110111111111111111101100010101111111111110111010000
1101111111111111111011000110010000110111101100100001101111011111101101010000110111001111100001101100
0110111111010110001101100011011101111011111111111011010111111101111011011101101010000111111111110111
1100011011111111111011111110001101110111101011011011111110110000110100001101111110101000011111110101
0111111101111111111101111010000110110000110100001111111111111111111011000011011111110110000100100001
1010000111011011110100001111110001101000011011111101010100111110001100100001111111010101101111010000
1101111111111111111011000011011000111110000100110001101100011111000011011100110111111110111111101110
0110011110110111111010110111101000011101101111010000110110000110111111101110111101000011111000011011
1111111100001101100011011110111011011111111111101111111101000011111000010010000110111101010100111101
1111110111011110111111101100001101111111011000011010000110111111101100001101000011011111111011111110
1110110111100011011111101010000110111101010111111101111111111101111010000110110000111100011101110001
0010000110110000100100001101110011011111111011111110111111110111111101100001111111111011111111110000
1101111111011000011111111110111000110100001111111111101100011111000011011111110111111010110001101100
0111011011110100001111110111101111111011000011011111110110000110110001101111111111000011110000110111
1111101000011011000011010000110110000110111111101111010101111111011000011011111110111111101111111111
1111110111111111100001111100001101100011011000011011111110110001100100010111111101111111011111111011
0111111111111011111111010000110110000110111111101100001111111111011111110111111100111111101100001101
0000110111101010111111101110011101100011011111110111011110111111101111111101000011111100011010000110
1111010101101111011000111111011111100001111100001101111111011111111011000110111111010100001101100001
0011111110111001101111001101000011111110011011111110110000110111111101111111101111111011111101011111
1101100011101111111011111110110000110111111111100001101000011011111101011111110110001111100001101000
0110111111110111111101110011001100011110000110111111110100001101110111111111111011111101111000110110
0011001000011011111110110000110100001101100001101111111011111111010000110111111010111111101101110110
0001101000011111111111011111110110000110100001101100001101000011011111111111000110111111101111111101
0000111111000110100001101100001001111111011000010011111110110000100100001101110011011100011011000111
1110111101000011011000111111111101001011111111110011111100100001101100001011000011011111110111111010
1111111011000011011111110111111101100001101100011011111111010000111111011110111111101110001101111111
0110000110111111101111011101000011010000110110000110100001101100001101000011011100011011111110111111
1101001100110110001111100001101000011011111111110000111111111110100001111110001101111111111000111110
0001101111111011000011010000110111111110111111101110001001000011111000110011011110100001100110111101
1111110110000110111111101100001101111111011111111110000110111111101100001101111111111000011011111110
1100011111000011011111111111011110100001101100001111111111011000011011111110110000110110111101111111
1111011110111111101100001101000011011111101011111111101000011111111111111111110110000110100001111100
0011010000110110000111110001101111111011101111011111110110000110111111101100001101000011011110111011
0111101111111011111111011111110111111010100001101111011111111111011111110111111110111111101100011101
1011110111111101111111101111111011000011011111110111111110100001101111110101000011011111111111011110
1000011011111111011111110111000100100001111100001001111111011100010011111110100001101110111101111111
0111000110111111101111010101111111011100111110000110110001101100001101111111011111111010000110111111
0111111111011100010011111110111111010111111101000011101100011010000111111011111111111101111111101111
1110111111010111111101000011001101111011111110111111110111111101100001101111111011111101010000110111
1010101000011011000111111011110111111101100001111111111011111111010000111111101011111111101100001001
1111110111111101110001101000011011000011110000110100000110110001101100001101111111011111111111111111
1111111011101111010000110111111010111111101100001011001101111111011000011010000110110000110111111101
1000011011111110110000110111111101111111111000011011111110111011110111111101111111101000011011111101
0111111101000011011000011011000111110000110111111101111110101000011011000011011111110100000110110001
1011111111110000111110001101111111111000011111111111011111110110010110110001101100001101111111011000
0110111111101100011111111111111111110111000110100001101110001001101111011111111011011110111111101100
0011010000110111111111111111101110001001000011010000110110000110100001101111111101111111011110111011
1111101100001001111111011111101111011110111111101111111101111111011100011010000110111101010100001101
1000111111011110100001111100001101111111011000011010000110111011110100001101111111101111111011111111
1100001101100011011000011010000110111111110100001101111011101111111111110101011111111111101010110111
1011111110110000110111111111100001101111111011111111011111110111111110110111101000011011111111011111
1101111110101111111011111111111111110111111101111111101111111011110101011111110111101010110111101110
0100100001101100001001100011011111111110000110111111101111111101000011011000011011111110111111101111
1111011000111110000110111111101100001101000011011110101010000110110000110100001101111111111111111011
1111101100001101100011111000011010000110110000110100001111100001101000011011111110010000111111111111
1111111011111110110000110111111101100001101100011011000010010000110100000110100001111100011111100011
0100001111110001111111111011000011011111110111101010100001101111111111101111011111110111111010100001
1011110111011111110110000110111111101100001101100011011000111111111110111111101100001001000011011111
1111100001111111010101111111011111111010000110110001111111111101000011011000011010000110111111111111
1111011000011011111110110000110100001101100001001101111011111110111111110111111101111110101000011011
1111011111111101111111111000011011111110110000111100001101100001111000011011100011011111110110000100
1000011011000011011011110100001111100001101111111111110111010000110110000110100001101001111110001101
1111111111011110110001101100001101111111011111101010000110111101010110111101000011111000011111111111
1100001101000011011000011010000110111101011100001111100001101100011111100110111111110111111101111111
1010000111111000110100001101100001101111111011000010011111110100001111100001101111111011100011011110
1110101111111010000110110000110100001111111111111000011111111111111111110111000100110111101111111011
1111110111111101100001101000011011100011010000110111111010100001101110011101000011111111110111111110
1101111011110101011111110111111101110001101000011011110101011111110100001110100001111110001001111111
0110001110111111101000011001000011011111111011011110111111101100001101000011011111111010000110111111
0101111111011111110111011110100001101111111101111111011000010011111110111001110100001101111111011000
0110100001111111111101111111011110101010000110110001111111111101111111011111111011111110111000100111
1111011000011010000110111111101110111101100011011111101010000110110000110111111101111111101000011011
1001110110111101111111011111101011110100001101111111111111111010000110110000111111111101111111101000
0110111111010100001101100011111000011011111110111011110111111111111010101000011011111111111011110100
0011011000011111111111110000110100001100100001101111111011000011010000110111101011100001101111111011
0000110111111111111111101000011011111101010000110111011110111111101100011101101111011111111110000110
1000011111111111010000110111111110111111101100001111111111011111110111000110111011111101110011000110
1111101100001101000011011000110011100100001111111111101000011011000111111011110111111101100001111111
1110111111101100001101111111011000011011111110111111110111111101100001111111111011111111110000110111
1111011111111010000111111000110100001101111010101000011011110101010000111100001110110110101101100011
1111000110100001101110001101111111011111111010000110111111111111111101110001001111111011111111110000
1111111111011100011010000110110000111100001101111111111000011011111110111111110111111101100001101111
1110110000100111111101111110101000011011111111111111110100001101111110101000011011111111011111110110
0001101111111011111111111111010100001101111011011000011111111110110001101111110101111111010000110111
0110101000011111111111011110100001110111111101000011011111111111111110111000100100001111111010101100
0110110001101100001101111111111000011011000110111011110100001101111111101111111011111101011111110111
1110101111111010000110110000110110001101100001111000011011110101011111110100001111111111101000011011
0000111100001100000000000000000000000000000000000000000000000000000000000010100010000011010000000000
0011000001010010000000000000000000000000000000000000000000000000000000000000000000000000000000000000
0000000000000000000000000000000000000000000000000000000000000000000000000000000000000000000000000000
0000000000000000000000000000001100000000000000000000000000000000000000000000000000000000000000000000
0000000000000000000000000000000000000000000000000000000000000000000000000000000000000000000000000000
0000000000000000000000000000000000000000000000000000110001111010000000100000000000000000000000000000
0000000000000000000000000000000000000000000000000000000000000000000000110000000000000000000000000111
1100000000000000000000010000000011111100000000000000000000000000000000000000000000000000000000000000
0000000000000000000011111000000000000000001111100011101000000000000000000000001000000000000000000000
0000011000000001000000000000000011000100000000000000000001101100001000000000000000001100011011100110
0001001000000000000000000000000000000000000000000000000000000000000000000000000000000000000000110000
0000000000000000000000000011100000010000000000000000000000000000000000011000000000000000000000000000
0000000000000000000000000000000000000000000000000000000000000000000000000000001110000000000000000000
0000000000000000000000000000000000000000000000000000000000011100000000000000000000000000000000000001
1000000000000000000000000000000000000000000000000000000001110000000000000000000000000000000001100000
0000000000000000000000000000110000000000000000000000000000000000000000000000000000000000000000011000
0000000000000000000000000000000010000000000000000000000000000000000000000000000000000000000000000000
0000000000110000000000000000000000000000000000000000100000000000000001000000000000000000000000000000
0000000000000000000111000000000000000000000000000000000000000000000000000000000000000000000000000000
0000000000000000000000000000000000000000000000000000000000000000000000000000001100000000000000000000
0000000000000000000000000000000000000000000000000000000000000000000000000000000000000000000000000000
0000000000000000000000000000000000000000000000000000000000000000000000000000000000000000000000000000
0000000000000000000000000000000000000000000000000000000000000000000000000000000000000000000000000000
0000000000000000000000000000000000000000000000000000000000000000000000000000000000000000000000000000
0000000000000000000000000000000000000000000000000000000000000000000000000000000000000000000000000000
0000000000000000000000000000000000000000000000000000000000000000000000000000000000000000000000000000
0000000000000000000000000000000000000000000000000000000000000000000000000000000000000000000000000000
0000000000000000000000000000000000000000000000000000000000000000000000000000000000000000000000000000
0000000000000000000000000000000000000000000000000000000000000000000000000000000000000000000000000000
0000000000000000000000000000000000010000000000000000000000000000000000000000000000000000000000000000
0000000000000000000000000000000000000000000000000000000000000000000000000000000000000000000000000000
0000000000000000000000000000000000000000000000000000000000000000000000000000000000000000000000000000
0000000000000000000000000000000000000000000000000000000000000000000000000000000000000000000000000000
0000000000000000000000000000000000000000000000000000000000000000000000000000000000000000000000000000
0000000000000000000000000000000000000000000000000000000000000000000000000000000000000000000000000000
0000000000000000000000000000000000000000000000000000000000000000000000000000000000000000000000000000
0000000000000000000000000000000000000000000000000000000000000000000000000000000000000000000000000000
0000000000000000000000000000000000000000000000000000000000000000000000000000000000000000000000000000
0000000000000000000000000000000000000000000000000000000000000000000000000000000000000000000000000000
0000000000000000000000000000000000000000000000000000000000000000000000000000000000000000000000000000
0000000000000000000000000000000000000000000000000000000000000000000000000000000000000000000000000000
0000000000000000000000000000000000000000000000000000000000000000000000000000000000000000000000000000
0000000000000000000000000000000000000000000000000000000000000000000000000000000000000000000000000000
0000000000000000000000000000000000000000000000000000000000000000000000000000000000000000000000000000
0000000000000000000000000000000000000000000000000000000000000000000000000000000000000000000000000000
0000000000000000000000000000000000000000000000000000000000000000000000000000000000000000000000000000
0000000000000000000000000000000000000000000000000000000000000000000000000000000000000000000000000000
0000000000000000000000000000000000000000000000000000000000000000000000000000000000000000000000000000
0000000000000000000000000000000000000000000000000000000000000000000000000000000000000000000000000000
0000000000000000000000000000000000000000000000001100000000000000000000000000000000000000000000000000
0000000000000000000000000000000000000000011000000000000000000000000001111100000000000000000000000000
0110000000000000110100000000000000000000000000000000000000000000000000000000000000000000000000000000
0000001101000000000000000000000001010000000000001111100000000000000000000000100000000000000000000001
0000010001000000000000001000000001000000000000000001100110000000000000000000011011100000000000000000
0100000100000110000000111101000001010000000000000000000000000000000000000000000000000000000000000000
0000000000000000000000000000000000000000000000000000000000000000000000000000001111001100001100000111
1110000000000000000000000000000000000000000000000000110000000000000000110000000000000000000011000000
0000000000000000000000000110000000000000000000000011000000000000000000000000000000000000000000000111
0000000000000000000000000000000000011000000000000000000000000000000000000000000000000000000000000000
0000000000000000000000000000000000000000011000000000000000000001000000000000000000000000000000000000
0000000000110000000000000000000000000000001110000000000000000000000000000000001000000000111000000000
0000000000000000000000000000000000000000100000000000000000000000000000000000000000000000000000000111
0000000000000000000000000000000000000100000000000000000100000000000000000100000011100000000000000000
0000000000000000000011000000000000000000000000000000000000000000000000000000000110000000000000000000
0000000000000000011000000000000000000000000000001101111111001000000011111100011111100111111001111110
0010000000111111000111111001100000001111110011111100010000000111111001100000001100000011100000011111
1001100000001100000011111100011000000111011000111111001100000001100000011000000011000000111011000111
1100011101100110000000111101001100000001100000011110000011111100110000000111111101110111111111111111
1111111111111111111111111111111111111111111111111100000001110000011111111111111100110000001110000001
1111110111100000110000001111110001111010011100000010000000111111000111111101100000001100111000000111
1010011101100010000000111111001100001100000001111110011111100011111110110000000110000001111110011111
1000110000001100000001111110011111100011111100110000000110000001100000001111110011000000011110100110
0000001111100011000000110000000110000001100000001111010011111100011111100110000000100000001100000001
1111000111011101100000001111110011000000011110100110000000110000001100000001111110011111100011111100
1111010011101100011111110001000111111101100000001111100011111100111111000111101101100000001111110011
1011100100000001110110001111110011000000010000000111111000100000001110110001111110011000000011000000
1100000001000000011111100110000000110000001111110001111110011111100011111100111011000111111001100000
0011111100111011001100000001111110000111111111111000111111101111000001111100011111110111111000100000
0011101100011110110110000000111111001110110001000000011000000011111100111111001111110001110000011111
1000111111001100000001100000011111100011111100110000000111111001100000001111110011110000011111000111
1110001111100010000000111111000111111001111110001111110011000000011110100110000000110000001110000001
1000000111011000100000001100000001111100011111100110000000111111001110000001000000011101100010000000
1110110001111111011000000011111000110000000110000001100000001000000011000000010000000110000000111110
0011000000111111000111111001100000001111010011000000011110100111000000111111101110000001000000011000
0000110000001110110001111100011101100010000000111111000100000001111110011010000000110000000111101001
1101100011111100111011000111000001100000001111100011100000010000000111111001111110001111111011101100
0100000001110000001111110011101100011111000111111101111110001000000011000000011000000111000000111101
0011111110111110001100000001000000011100000110000000111111001111110001110000011000000011000000111111
0001111011011101100011111110111111100111111001110110001111100011101100010000000111111001100000001100
0000111011000110000001100000001111010011111100010000000111111000111111001100000001000000011101100011
1110001110110001010110110011111100011111000111011100100000001110110011111100011111100111011000111111
0011101100010000000111011000111110001100000001000000011111100011111000111000001100000001111000011111
1000111111001111110001111111011000000011000000111011000111110001111111011100000011000000111111000111
1111011100000010000000110000000110000001100000001111100011000000010000000110000000100000001110110001
0000000110000000100000001100000001000000011000000010000000110000000100000001100000001111100011100000
0111111001111110011111100011100000111111000100000001111110001111010011101100011111100111011000100000
0011000000010000000111011000100000001110110001000000011101100011111000110000000111110001110000001111
1000110000000111110001000000011111100011000000111111110100000001100000001000000011101100010000000111
0111011111100011111100111111000111111101110110001000000011000000010000000110000000111111001111110011
1000000110000001111110001111010011000000011110100110000000111111001110111001111100011100000110000000
1111110011000000011110100110000000111101001111110001000000011101100010000000110000000100000001100000
0010000000111011000111110001111110011100000011110100110000000110000001110110001111111011111100010000
0001100000001111100011000000010000000110000000100000001110110001111100011100000110000000110000001110
1100010000000110000000111101001111110001111011011101100011111110111011100100000001111110001111110011
0000000110000001100000011000000011111100111000000110000001100000001110000011000000011000000111111000
1000000011111110011111100111111001111110001000000011111100011000000111111100111110001111110011101110
1100110000000110000001100000001110000011000000011000000111111000111000001111110001111010011111110010
0000001100000001111111010000000111111000110000001100000001111110011111100010000000110000000111101001
1000000011000000111000000111111101111110001111110011101110011111000111000001111110001110000011111100
0100010001010000000000000100001111111001000000011000000011111100111111000100000001100000001000000011
0000000100000001100000001111100011111110011111000111000001111110001000000011000000011111100111011000
1111110011101100011111000111111101110000001111110011111100011111100111111000111110001100000001111100
0111111000111111001111110011100000011111100111111000100000001111110011000000011111100111011100100000
0011111100011111100110000000110000001100000001111100011000000111111100100000001110110001110110011100
0000111111001110110001111111011000000010000000110000000100000001110110001111100011000000011111000111
1110011100000011111100111111000111111001100000001100000011000000011111100111011100111110001111010011
1111000111110001111000001111110011101110100000001100011111111011000000111011001100001001100111110010
1111111111000011000000111111000111111001100000001100000011000000011000000011110000111011001111101001
1110000111000000111011001110110001110000011111011011111100111000000100000001110110011100000111000000
0100100111100111111110110000001100000001100000011000000111110100111011001111110001000001111000000110
0000001000000011111100010000000111111001100000001100000011101100110110001111111101110110011001110011
0000001100000011111101111000000111111001111111001110000011111100011111110111011001111111001000001111
1000001100000001100000011101100110000000100000001100000011111100011110101111111001111110001111110011
1011001100000001110000011101100111011000100000001100000011000111111110111110000001111110001100000011
1000001111110001111011011101110110000001110000001111110111000000011111100111011001111111001111010011
1111001110111001111110011100001111101100010000000110000001111110001000011111000000111111000111101001
1101100111000000100000001111110011101100011111100111011001100000001111010011001100110000000111101001
1101110110000000111111001000000011000000011111000111111001101100011000000011101100111111000111111001
1101100110000000111101001100000011111001010000110011111000111111101110000011000000010000000111011101
1000000010000000110000001110001111000000011111100111111000100000001100000011111100011110110110000011
1111110011110100110000001100000001111010011101110111111000100000001100000011111100011100000111111001
1000000011111110111111001111110001000000011000000111111000111111111110110011111100010000000111111111
1000000011000000111011011100000001111110011101100111111000100000001100000011000000011111100111011101
10000000100000001110110011000000010000000111000001100000001000000011000000111011