Samples:
KEY:
0101010101010101010101010100101010101010101010101010101010101010101010101010101010101010101010101001
0101010101010101010101010101010101010101010101010100101010101010101010101010101010101010101010101010
1010101010101010101010101010101010101010101010101010101010101010101010101001010101010101010101010101
0101010101010101010101010101010101010101010101010101010101010101010101010101010101010101010101010101
0101010101010101010101010101010101010101010101010101010101010101010101010101010101010101010101010101
0110????????????????????????????????????????????????????????????????????????????????????????????????
????????????????????????????????????????????????????????????????????????????????????????????????????
????????????????????????????????????????????????????????????????????????????????????????????????????
???????????????????????????????????????????????????0????????????????????????????????????????????????
???????????????????????????????????0111?????????01???????000?????????????100100?0?0??0????????001???
????????????????????????????????????????????????????????????????????????????????????????????????????
?????????????????????????????????????????????????????????????????????????????????????????10101010?01
0101010101010101010101010101010101010101010101010101010101010101010101010101010101010101010101010101
0101010101010101010100101010101010101010101010101010101010101010101010101010101010101010101010101010
1010101010101010101010101010101010101010101001010101?10101010101010101010101010101010101010101010101
0101010101010101010101010101010101010101010101010101010101010101010101010101010101010101010101010101
0101010101010101010101010101010101010101010101010101010101010101010101010101010101010100101010101010
1010101010101010101010101010101010101010101010101010101010101010101010101001010101010101010101010101
0101010101010101010101010101010101010101010101010101010101010101010101010101010101010101010101010101
0101010101010101010101010101111010100101010110111111011111110101011010101011010101101101010101010101
0101111110101010101101011010101011110101?01011010101010111001010101010101010101010101010101101111111
1101010100101111111111101010101010101010110101010101111111101101011101010101011010101110111011101011
01010110101011101010101010101111101110100010011010100111111101001010101?0010110111011111101000110111
0110010101010101010101010101010101010101010101010101010101010101010101010101010101010101010101010101
0101010101001010101010101010101010101010101010101010101010101010101010101010101010101010101010101010
1010101010101010101010101010101010010101010101010101010101010101010101010101010101010101010101010101
0101010101010101010101010101010101010101010101010101010101010101010101010101010101010101010101010101
0101010101010101010101010101010101010101010101010101010101010101010101010101010010101010101010101010
1010101010101010101010101010101010101010101010101010101010101010100111010101010101010101010101010101
0101010101010101010101010101010101010101010101010101010101010101010101010101010101010101010101010101
0101010101010101010101010101010101010101010101010101010101010101010101010101010101010101010101010101
0101010101010101010101010101010101010101010101010101010010101010101010101010101010101010101010101010
1010101010101010101010101010101010101010101010101010101010101010101010101010100010101010101010101010
1010101010101010101010101010101010101010101010101010101010101010101010101010101010101010101010101010
0010101010101010101010101010101010101010101010101010101010101010101010101010101010101010101010101010
1010101010101010101010001010101010101010101010101010101010101010101010101010101010101010101010101010
1010101010101010101010101010101010101010101010010101010101010101010101010101010101010101010101010101
0101010101010101010101010101010101010101010101010101010101010101010100101010101010101010101010101010
1010101010101010101010101010101010101010101010101010101010101010101010101010101010101010101??1010101
0101010101010101010101010101010101010101010101010101010101010101010101010101010101010101010101010101
0101010101010100101010101010101010101010101010101010101010101010101010101010101010101010101010101010
1000101010101010101010101010101010101010101010101010101010101010101010101010101010101010101010101010
1010101010101010101010101010101010101010101010101010101010101010101011010101010101010101010101010101
0101010101010101010101010101010101010101010101010101010101010101010101010101010101010101010001010101
0101010101010101010101010101010101010101010101010101010101010101010101010101010101010101010101010101
0101010101010100101010101010101010101010101010101010101010101010101010101010101010101010101010101010
1010101010101010101010101010101010101001010101010101010101010101010101010101010101010101010101010101
0101010101010101010101010101010101010101010101010101010101010010101010101010101010101010101010101010
1010101010101010101010101010101010101010101010101010101010101010101010101010101010100101010101010101
0101010101010101010101010101010101010101010101010101010101010101010101010101010101010101010101010101
0101010010101010101010101010101010101010101010101010101010101010101010101010101010101010101010101010
1010101010101010101010101010101010101010101010101010101010101010101010101010101010101010101010101010
1010101010101010101010101010101010101010101010101010010101010101010101010101010101010101010101010101
0101010101010101010101010101010101010101010101010101010101010101010101010101010101010101010101010101
0101010101010101010101010101010101010101010101010101010101010101010101010101010101010101010101010101
0101010010101010101010101010101010101010101010101010101010101010101010101010101010101010101010101010
1010101010101010101010101010100101010101010101010101010101010101010101010101010101010101010101010101
0101010101010101010101010101010101010101010101010101000101010101010101010101010101010101010101010101
0101010101010101010101010101010101010101010101010101010101010101010101010101001010101010101010101010
1010101010101010101010101010101010101010101010101010101010101010101010101010101010101010101010101010
1010101010101010101010101010101010101010101010101010101010101010101010101010101010101010101010101010
1010101010101010101010010101010101010101010101010101010101010101010101010101010101010101010101010101
0101010101010101010101010101010101010101010100101010101010101010101010101010101010101010101010101010
101010101010101010101010101010101010111101011101010101010101010101?010101010101010101010101010011010
1010101010101101110111010101011110110101011110111010101110010011010100101010101010101010101010101010
1010101010101010101010101010101010101010101010101010101001010101010101010100101010101010101010101010
1010101010101010101010101010101010101010101010101010101010101010101010101010101010101010101010101010
1010101010101010101010101010101010101010101010101010101010101010101010101010101010101010101010101010
1010101010101010101010101010101010101010101010101010101010101010101010101010101010101010101010101010
1010101010101010101010101010101010101010101010101010101010101010100101010101010101010101010101010101
0101010101010101010101010101010101010101010101010101010101010101010101010101010101010101010101010101
0101010101010101010101010101010101010101010101010101010101010101010101010101010101010101010101010101
0101010101001010101010101010101010101010101010101010101010101010101010101010101010101010101010101010
1010101010101010101010101010101010101010101010101011101111101110101010101010101010101010101010101010
1010101010101010101010101010101010101010101010100101011010101010101010101010101010101010101010101010
1010101010101010101010101010101010101010101010101010101010101010101010101010101010101010101010101010
1010101010101010101010101010101010101010101010101010101010101010101010101010101010101010101001010101
0101010101010101010101010101010101010101010101010101010101010101010101010101010101010101010101010101
0101010101010101010101010101010101010101010101010101010101010101010101010101010101010101010101010101
0101010101010101010101010101010101010101010101010010101010101010101010101010101010101010101010101010
1010101010101010101010101010101010101010101010010101010101010101010101010101010101010101010101010101
0101010101010101010101010101010101010101010101010101010101010101010101010101010101010101010100101010
1010101010101010101010101010101010101010101010101010101010101010101010101010101010101010101010101010
1010101010101010010101010101010101010101010101010101010101010101010101010101010101010101010101010101
0101010101010101010101010101010101010100101010101010101010101010101010101010101010101010101010101010
1010101010101010101010101010101010101010101010101010101010101010101010101010101010101010101010101010
1010101010101010101010101010101010101010101010101010101010101010101010101010101010001010101010101010
1010101010101010101010101010101010101010101010101010101010101010101010101010101010101010101010101010
1010101010101010101010101010101010101010101010101010101010101010101010101010101010101010101010101010
1010101010101010101010101011010101010101010101010101010101010101010101010101010101010101010101010101
0101010101010101010101010101010101010101010101010101010101010101010101010101010101010101010101010101
0101010101010101010101010101010101010101010101010101010101010101010101010101010101010010101010101010
1010101010101010101010101010101010101010101010101010101010101010101010101010101010101010101010101010
1010101001010101010101010101010101010101010101010101010101010101010101010101010101010101010101010101
0101010101010101010101010101010010101010101010101010101010101010101010101010101010101010101010101010
1010101010101010101010101010101010101010101010101010100101010101010101010101010101010101010101010101
0101010101010101010101010101010101010101010101010101010101010101010101010101011?????????????????????
????????????????????????????????????????????????????????????????????????????????????????????????????
????????????????????????????????????????????????????????????????????????????????????????????????????
????????????????????????????????????????????????????????????????????????????????????????????????????
????????????????????????????????????????????????????????????????????????????????????????????????????
????????????????????????????????????????????????????????????????????????????????????????????????????
????????????????????????????????????????????????????????????????????????????????????????????????????
?????????????????????????????????????????????????????????????????????????????????1010101010101010110
1110101010101010101010101010101010101010101010101010101010101010101010101010101010101010101010101111
01010101111111010101010101011010111101011011001001011?0101101101011110111101101010101010101010101010
1010101010101010101010101010101010101010101010101010101010101010101010101010101010101010101010101010
1010101010101010101010101010101010101010101010101010101010101010101010101010101010101010101010101010
1010101010101010101010101010101010101010101010101010101010101010101010101010101010101010101010101010
1010101010101010101010101010101010101010101010101010010101010101010101010101010101010101010101010101
0101010101010101010101010101010101010101010101010101010101010101010101010001010101010101010101010101
0101010101010101010101010101010101010101010101010101010101010101010101010101010101010101010101010101
0101010101010101010101010101010101010101010101010101010101010101010101010101010101010101010101010101
0101010101010101011010101010101010101010101010101010101010101010101010101010101010101010101010101010
1010101010001010101010101010101010101010101010101010101010101010101010101010101010101010101010101010
1010101010101010101010101010101010110101101010101010101101010101011101010101011010101011010110110101
0101010101010111110111010101010101010101010101010101010101010101010101010101010101011010101010101010
1010101010110101011111011101010101010101010101010110101101010000010001011101011111101010100101101111
1101111111101010101000011111010101010101010101010101010101010101010101010101010101010101001010101010
1010101010101010101010101010101010101010101010101010101010101010101010101010101010101010101010101010
1010101010010101010101010101010101010101010101010101010101010101010101010101010101010101010101010101
0101010101010101010101010101010101001010101010101010101010101010101010101010101010101010101010101010
1010101010101010101010101010101010101010101010101010101010010101010101010101010101010101010101010101
010101010101010101010101010101010101010101010101010101010101010101010101010101010?101010101010101010
1010101010101010101010101010101010101010101010101010101010101010101010101010101010101010101010101010
1010010101010101010101010101010101010101010101010101010101010101010101010101010101010101010001010101
0101010101010101010101010101010101010101010101010101010101010101010101010101010101010101010101010101
0101010101010101010101010101010101010101010101010101010101010101010101010101010101010101010101010101
0101010101010101010101010101010101010101010101010101010101010101010101010101010001010101010101010101
0101010101010101010101010101010101010101010101010101010101010101010101010101010101010101010101010101
0101010101010101010101010101010101010101010101010101010101010101010101010101010101010101010101010101
0101010101010101010101000101010101010101010101010101010101010101010101010101010101010101010101010101
0101010101010101010101010101010101010101010101010101010101010101010101010101010101010101010101010101
0101010101010101010101010101010101010101010101010101010101010101010100101010101010101010101010101010
1010101010101010101010101010101010101010101010101010101010101010101010101010101010101010101010101010
1010101010101010101010101010101010101010101010101110101010101010101010101010101010101010101010101010
1010101010101010101010101010101010101010101010101010101010101010101010101010101010101010101010101010
1010101010101010101010101010101011010101010101010101010101010101010101010101010101010101010101010101
0101010101010101010101010101010101010101010101010101010101010101010101010101010101010101010101010101
0101010101010101010101010101010101010101010101010101010101010101010101010101010101010101010010101010
1010101010101010101010101010101010101010101010101010101010101010101010101010101010101010101010101010
1010101010101010101010101010101010101010101010101010101010101010101010101010101010101010101010101010
1010101010101010101010101010101010100101010101010101010101010101010101010101010101010101010101010101
0101010101010101010101010101010101010101010101010101010101001010101010101010101010101010101010101010
1010101010101010101010101010101010101010101010101010101010101010101010101010101010010101010101010101
0101010101010101010101010101010101010101010101010101010101010101010101010101010101010101010101010101
0101010101010101010101010101010101010101010101010101010101010101010101010101010101010101010101010101
0101010101010101010101010100010101010101010101010101010101010101010101010101010101010101010101010101
0101010101010101010101010101010101010101010101000101010101010101010101010101010101010101010101010101
0101010101010101010101010101010101010101010101010101010101010101010101101010101010101010101010101010
1010101010101010101010101010101010101010101010101010101010101001010101010101010101010101010101010101
0101010101010101010101010101010101010101010101010101010101010101010101010101010101010101010101010101
0101010101010101010101010101001010101010101010101010101010101010101010101010101010101010101010101010
1010101010101010101010101010101010101010101010101010101010101010101010101010101010101010101010101010
1010101010101010101010101010101010101010101010101010101010101010101010101001010101010101010101010101
0101010101010101010101010101010101010101010101010101010101010101010101010101010101010101010101010101
0101010101010101010101010101010101010101010101010101010101010101010101010101010101010101010101010101
0101010101010101010101010101010101010101010101010101010101010101010101010101010101010101010101010101
0101010101010101010101010101010101010101010101010101010101010101010101010101010101010101010101010101
0101010101010101010101010101010101010101010101010101010101010101010101010101010101010101010101010101
0101010101010101010101010101010101010101010101010101010101010101010101010101010101010001010101010101
0101010101010101010101010101010101010101010101010101010101010101010101010101010101010101010101010101
0101010010101010101010101010101010101010101010101010101010101010101010101010101010101010101010101010
1010101010101010101010101010101010101010101010101010101010101010101010101010101010101010101010101010
1010101010101010101010101010101010101010101010101010101010101010100101010101010101010101010101010101
0101010101010101010101010101010101010101010101010101010101010101010101010101010101010101010101010101
0101010101010101010101010101010101010101010101010101010101010101010101010101010101010101010101010101
0101010101010101010101010101010101010101010101010101010101010101010101010101010101010101010101010101
0101010101010101010101010101010101010101010101010101010101010101010101010101010101010101010101010101
0101010101010101010101010101010101010101010101010101010101010101010101010101010101010101010101010101
0101010101010101010101010101010101010101010101010101010101010101010101010101000101010101010101010101
0101010101010101010101010101010101010101010101010101010101010101010101010101010101010101010101010101
0101010101010101010101010101010101010101010101010101010101010101010101010101010101010101010101010101
0101010101010101010101010101010101010101010101010101010101010101010100101010101010101010101010101010
1010101010101010101010101010101010101010101001010101010101010101010101010101010101010101010101010101
0101010101010101010101010101010101010101010101010101010101010101010101010101010101010101010101010101
0101010101010101010101010101010101010101010101010101010101010101010101010101010101010101010101010101
0001010101010101010101010101010101010101010101010101010101010101010101010101010101010101010101010101
0101010101010101010101010101010101010101010101010101010101010101010101010101010101010101010101010101
0101010101010101010101010101010101010101010101001010101010101010101010101010101010101010101010101010
1010101010101010101010101010101010101010101010101010101010101010101010010101010101010101010101010101
0101010101010101010101010101010101010101010101010101010101010101010101010101010101010101010100101010
1010101010101010101010101010101010101010101010101010101010101010101010101010101010101010101010101010
1010101010101010010101010101010101010101010101010101010101010101010101010101010101010101010101010101
0101010101010101010101010101010101010101010101010101010101010101010101010101010101010101010101010101
0101010101010101010101010101010101010101010101010101010101010101010101010101010101010101010101010101
0101010101010101010101010101010101010101010101010101010101010101010101010101010101010101010101010101
0101010101010101010101010101010101010101010101010101010101010101010101010100101010101010101010101010
1010101010101010101010101010101010101010101010101010101010101010101010101010101010101010101010101010
10101010101011??????????????????????????????????????????????????????????????????????????????????????
????????????????????????????????????????????????????????????????????????????????????????????????????
????????????????????????????????????????????????????????????????????????????????????????????????????
????????????????????????????????????????????????????????????????????????????????????????????????????
????????????????????????????????????????????????????????????????????????????????????????????????????
????????????????????????????????????????????????????????????????????????????????????????????????????
????????????????????????????????????????????????????????????????????????????????????????????????????
????????????????101010101010101010110110101101010101010101010101010101010101010101010101010101010101
010101010101010101010101010101010111101100101010111010101010101011001010101010101101010101001111?010
10111010101101110101?1010101010101010101010101011010101010101010101010101010101010101010101010101010
1010101010101010101010101010101010101010101010101010101010101010101010101010101010101010101010101010
1010101010101010101010101010101010101010101010101010101010101010101010101010101010101010101010101010
1010010101010101010101010101010101010101010101010101010101010101010101010101010101010101010101010101
0101010101010101010101010100101010101010101010101010101010101010101010101010101010101010101010101010
1010101010101010101010101010101010101010101010101010010101010101010101010101010101010101010101010101
0101010101010101010101010101010101010101010101010101010101010101010101010100010101010101010101010101
0101010101010101010101010101010101010101010101010101010101010101010101010101010101010101010101010100
1010101010101010101010101010101010101010101010101010101010101010101010101010101010101010101010101010
1010101010101010101010101010101010101010101010101010101010101010101010101010101010101011101010101010
1001010101010101010101010110101010110100110110101010101010101110111010101010101010101010101010101010
1010101010101010101010101010101010101010101010101010010101010101011111101101101010101010101010101010
101010101100100000100101110110101010101101011111011110101101110101010101?011101101010101010101010101
0101010101010101010101010101001110101010101010101010101010101010101010101010101010101010101010101010
1010101010101010101010101010101010101010101010101010101010101010101010101010101010101010101010101010
1010101010101010101010101010101010101010101010101010101010101010101010101010101010101010101010101010
1010101010101010101010101010101010101010101010101010101010101010101010101010101010101010101010101010
1010101010101010101010101010101010101010100101010101010101010101010101010101010101010101010101010101
0101010101010101010101010101010101010101010101010101010101010101001010101010101010101010101010101010
1010101010101010101010101010101010101010101010101010101010101010101010101010101010101010001010101010
1010101010101010101010101010101010101010101010101010101010101010101010101010101010101010101010101010
1010101010101010101010101010101010101010101010101010101010101010101010101010101010101010101010101010
1010101010101010101010101010101010010101010101010101010101010101010101010101010101010101010101010101
0101010101010101010101010101010101010101010101010101010101010101010101010101010101010101010101010101
0101010101010101010101010101010101010101010101010101010101010101010101010101010010101010101010101010
1010101010101010101010101010101010101010101010101010101010101010101010100101010101010101010101010101
0101010101010101010101010101010101010101010101010101010101010101010101010101010101010101010101010101
0101010101010101010101010101010101010101010101010101010101010101010101010101010101010101010101010101
0101010101010101010101010101010101010101010101010101010101010101010101010101010101010101010101010101
0101010101010101010101010101010101010101010101010101010101010101010101010101010101010101010101010101
0101010101010101010101010101010101010101010101010101010101010101010101010101010101010101010101010101
0101010010101010101010101010101010101010101010101010101010101010101010101010101010101010101010101010
1010101010101010101010101010100101010101010101010101010101010101010101010101010101010101010101010101
0101010101010101010101010101010101010101010101010101010101010101010101010101010101010101010101010101
0101010101010101010101010101010101010101010101010101010101010101010101010100010101010101010101010101
0101010101010101010101010101010101010101010101010101010101010101010101010101010101010101010101010101
0101010101010101010101010101010101010101010101010101010101010101010101010101010101010101010101010101
0101010101010101010100101010101010101010101010101010101010101010101010101010101010101010101010101010
1010101010101010101010101010101010101010101010101010101010101010101010101010101010101010101010101010
1010101010101010101010101010101010101010101010101010101010101010101010101010101001010101010101010101
0101010101010101010101010101010101010101010101010101010101010101010101010101010101010101010101010101
0101010101010101010101010101010101010101010101010101010101010101010101010101010101010101010101010101
0101010101010101010101010001010101010101010101010101010101010101010101010101010101010101010101010101
0101010101010101010101010101010101010101010101010010101010101010101010101010101010101010101010101010
1010101010101010101010101010101010101010101010101010101010101010101010101010101010101010101010101010
1010101010101010101010101010101010101010101010101010101010101010101010101010101010101010101010001010
1010101010101010101010101010101010101010101010101010101010101010101010101010101010101010101010101010
1010101010101010100101010101010101010101010101010101010101010101010101010101010101010101010101010101
0101010101010101010101010101010101010101010101010101010101010101010101010101010101010101010101010101
0101010101010101010101010101010101010101010101010101010101010100101010101010101010101010101010101010
1010101010101010101010101010101010101010101010101010101010101010101010101010101010101010101010101010
1010101010101010101010101010101010101010101010101010101010101010101010101010101010101010101010101010
1010101010101010101010101010101010101010101010101010101010101010101010101010101010101010101010101010
1010101010101010101010101010101010101010101010101010101010101010101010101010101010101010101010101010
1010101010101010101010101010101010101010101010101010101010101010101010101010101010101010101010101010
1010101010101010101010101010101010101010101010101010101010101010101010101010101010101010101010101010
1010101010101010101010101010101010101010101010101010101010101010101010101010101010101010101010101010
1010101010101010101010101010101010101010101010101010101010101010101010101010101010101010101010101010
1010101010101010101010101010101010101010101010101010101010101010101010101010101010101010101010101010
1010101010101010101010101010101010101010101010101010101010010101010101010101010101010101010101010101
0101010101010101010101010101010101010101010101010101010101010101010101010101010101010101010101010101
0101010101010101010101010101010101010101010101010101010101010101010101010101010101010101010101010101
0101010101010101010101010101010101010101010101010101010101010101010101010101010101010101010101010101
0101010101010101010101010101010101010101010111010101010101010101010101010101010101010101010101010101
0101010101010101010101010101010101010101010101010101010101010001010101010101010101010101010101010101
0101010101010101010101010101010101010101010101010101010101010101010101010101010101010010101010101010
1010101010101010101010101010101010101010101010101010101010101010101010101010101010101010101010101010
1010101000101010101010101010101010101010101010101010101010101010101010101010101010101010101010101010
1010101010101010101010101010100101010101010101010101010101010101010101010101010101010101010101010101
0101010101010101010101010101010101010101101010101010001010101010101010101010101010101010101010101010
1010101010101010101010101010101010101010101010101010101010101010101010101010101010101010101010101010
1010101010101010101010101010101010101010101010101010101010101010101010101010101010101010101010100101
0101010101010101010101010101010100101010101010101010101010101010101010101010101010101010101010101010
1010101010101010101010101010101010101010101010101010101010101010101010101010101010101010101010101010
1010101010101010101010101010101010101010110101010101010101010101010101010101010101010101010101010101
0101010101010101010101010101010101010101010101010101010101010101010101010101010101010101010101010101
0101010101010101010101010101010101010101010101010101010101010101010101010101010101010101010101010101
0010101010101010101010101010101010101010101010101010101010101010101010101010101010101010101010101010
1010101010101010101010100101010101010101010101010101010101010101010101010101010101010101010101010101
0101010101010101010101010101010101010101010101010101010101010101010101010101010101010101010101010101
0101010101010101010101010101010101010101010101010101010101010101010100101010101010101010101010101010
1010101010101010101010101010101010101010101010101010101010101010101010101010101010101010101000101010
1010101010101010101010101010101010101010101010101010101010101010101010101010101010101010101010101010
10101010101010010101010101010101010101010101010101010101010101011???????????????????????????????????
????????????????????????????????????????????????????????????????????????????????????????????????????
????????????????????????????????????????????????????????????????????????????????????????????????????
????????????????????????????????????????????????????????????????????????????????????????????????????
????????????????????????????????????????????????????????????????????????????????????????????????????
????????????????????????????????????????????????????????????????????????????????????????????????????
????????????????????????????????????????????????????????????????????????????????????????????????????
???????????????????????????????????????????????????????????????????101010101010101010110101010101010
1010101010101010101010101000101010101010101010101010101010101010101010101010101011111101010101010101
0101010101010110010101010101010011101010101001010110101100110111101010101010101010101010101010101010
1010101010101010101010101010101010101010101010101010101010101010101010101010101010101010101010101010
1010101010101010101010101010101010101010101010101010101010101010101010101010101010101010101010101010
1010101010101010101010101010101010101010101010101010101010101010101010101010101010101010101010101010
1010101010101010101010101010101010101010101010101010101010101010101010101010101010101010101010101010
1010101010101010101010101010101010101010101010101010101010101010101010101010101010101010101010101010
1010101010101010101010101010101010101010010101010101010101010101010101010101010101010101010101010101
0101010101010101010101010101010010101010101010101010101010101010101010101010101010101010101010101010
1010101010101010101010101010101010101010101010101010101010101010101010101010101010101010101010100010
1010101010101010101010101010101010101010101010101010101010101010101010101010101010101010101010101010
1010101010101010101010110111010101010101011110101010101010101011010101010110111010101010101010101010
1111010111101010101010100010101010101010101010101010101010101010101010101010101010101010101011101010
1010111111010101011111101010101010101001011010101?001?0101101011101011101011010101010101101010110101
1?00101111010101001?01010101010101010100101010101010101010101010101010101010101010101010101010101010
1010101010101010101010101010101010101010101010101010101010101010101010101010101010101010101010101010
1010101010101010101010101010101010101010101010101010101010101010101010101010101010100101010101010101
0101010101010101010101010101010101010101010101010101010101010101010101010101010101010101010101010101
0101010101010101010101010101010101010101010101010101010101010101010101010101010101010101010101010101
0101010101010101010101010101001010101010101010101010101010101010101010101010101010101010101010101010
1010101010101010101010101010101010101010101010101010101010101010101010101010101010101010101010101010
1010101010101010101010101010101010101010101010101010101010101010101010101010101010010101010101010101
0101010101010101010101010101010101010101010101010101010101010101010101010101010101010101010101010101
0101010101010101010101010101010101010101010101010101010101010101010101010101010101010101010101010101
0101010101010101010101010100101010101010101010101010101010101010101010101010101010101010101010101010
1010101010101010101010101010101010101010101010101010101010101010101010101010101010101010101010101010
1010101010101010101010101010101010101010101010101010101010101010101010101010101010101010101010101010
1010101010101010101010101010101010101010101010101010101010101010101010101010101010101010101010010101
0101010101010101010101010101010101010101010101010101010101010101010101010101010101010101010101010101
0101010101010101010101010101010101010101010101010101010101010101010101010101010101010101010101010101
0101010101010101010101010101010101010100101010101010101010101010101010101010101010101010101010101010
1010101010101010101010101010101010101010101010101010101010101001010101010101010101010101010101010101
0101010101010101010101010101010101010101010101010101010101010101010101010101010101010101010101010101
0101010101010101010101010101010101010101010101010101010101010101010101010101010101010101010101010101
0101010101010101010001010101010101010101010101010101010101010101010101010101010101010101010101010101
0101010101010101010101010101010101010101000101010101010101010101010101010101010101010101010101010101
0101010101010101010101010101010101010101010101010101010101010101010101010101010101010101010101010101
0101010101010101010101010101010101010101010101010101010101010101010101010101010101010101010101010101
0101010101010101010101010101010101010101010101010101010101010101010101010101010101010101010101010101
0101010101010101010101010101010101010101010101010101010101010101010101010101010101010101010101010101
0101010101010101010101010101000101010101010101010101010101010101010101010101010101010101010101010101
0101010101010101010101010101010101010101010101010100010101010101010101010101010101010101010101010101
0101010101010101010101010101010101010101010101010101010101010101010101010101010101010101010101010101
0101010101010101010101010101010101010101010101010101010101010101010101010101010101010101010101010101
0101010101010101010101010101010101010101010101010101010101010101010101010101010101010101001010101010
1010101010101010101010101010101010101010101010101010101010101010101010101010101010101010101010101010
1010101010101010101010101010101010101010101010101010101001010101010101010101010101010101010101010101
0101010101010101010101010101010101010101010101010101010101010101010101010101010010101010101010101010
1010101010101010101010101010101010101010101010101010101010101010101010101010101010101010101010101010
1001010101010101010101010101010101010101010101010101010101010101010101010101010101010101010101010101
0101010101010101010101010101010101010101010101010101010101010101010101010101010101010101010101010101
0101010101010101010101010101010101010101010100010101010101010101010101010101010101010101010101010101
0101010101010101010101010101010101010101010101010101010101010101010100101010101010101010101010101010
1010101010101010101010101010101010101010101010101010101010101010101010101010101010101010101001010101
0101010101010101010101010101010101010101010101010101010101010101010101010101010101010101010101010101
0101010101010100101010101111101010101010111101010101010101010101010101010101010101010101010101010101
0101010101010101010101010101001010101010101010101010101010101010101010101010101010101010101010101010
1010101010101010101010101010101010101010101010101010101010101010101010101010101010101010101010101010
1010101010101010101010101010101010101010101010101010101010101010101010101010101010101010101010101010
1010101010101010101010101010101010101010101010101010101010101010101010101010101010101010101010101010
1010101001010101010101010101010101010101010101010101010101010101010101010101010101010101010101010101
0101010101010101010101010101010010101010101010101010101010101010101010101010101010101010101010101010
1010101010101010101010101010101010101010101010101010100101010101010101010101010101010101010101010101
0101010101010101010101010101010101010101010101010101010101010101010101010101010101010101010101010101
0101010101010101010101010101010101010101010101010101010101010101010101010101010101010101010101010100
1010101010101010101010101010101010101010101010101010101010101010101010101010101010101010101010101010
1010101010101010101010101010101010101010101010101010101010101010101010101010101010101010101010101010
1010101010101010101010101010101010101010101001010101010101010101010101010101010101010101010101010101
0101010101010101010101010101010101010101010101010101010101010101010010101010101010101010101010101010
1010101010101010101010101010101010101010101010101010101010101010101010101010101010101010101010101010
1010101010101010101010101010101010101010101010101010101010101010101010101010101010101010101010101010
1010101010101010101010101010101010101010101010101010101010101010101010110101010101010101010101010101
0101010101010101010101010101010101010101010101010101010101010101010101010101010101010101010101010101
0101010101010101010101010101010101010101010101010101010101010101010101010101010101010101010101010101
010101010101010101010101010101010101010101010101010101010101010101010101010101010101010101?010101010
1010101010101010101010101010101010101010101010101010101010101010101010101010101010101010101010101010
1010101010101010101010101010101010101010101010101010101010101010101010101010101010101010101010101010
1010101010101010101010101010101010101010101010101010101010101010101010101010101010101010101010101010
1010101010101010101010101010101010101010101010101010101001010101010101010101010101010101010101010101
0101010101010101010101010101010101010101010101010101010101010101010101010101010101010101010101010101
0101010101010101010101010101010101010101010101010101010101010101010101010101010101010101010101010101
0010101010101010101010101010101010101010101010101010101010101010101010101010101010101010101010101010
1010101010101010101010101010101010101010101010101010101010101010101010101010101010101010101010101010
1010101010101010101010101010101010101010101010101010101010001010101010101010101010101010101010101010
1010101010101010101010101010101010101010101010101010101010101010101010101010101010101010101010101010
10101010101010101010110?????????????????????????????????????????????????????????????????????????????
????????????????????????????????????????????????????????????????????????????????????????????????????
????????????????????????????????????????????????????????????????????????????????????????????????????
????????????????????????????????????????????????????????????????????????????????????????????????????
????????????????????????????????????????????????????????????????????????????????????????????????????
????????????????????????????????????????????????????????????????????????????????????????????????????
????????????????????????????????????????????????????????????????????????????????????????????????????
????????????????????????1010101010101011010110101010101010101010101010101010101011010101010101010101
0101010101010101010101010101010101010101011110110101111110101010101000101010101010101111010110101101
0111010101111110010111101010101010101010101010101010101010010101010101010101010101010101010101010101
0101010101010101011010101010101010101010101010101010101010101010101010101010101010101010101010101010
1010101010101010101010101010101010101010101010101010101010101010101010101010101010101010101010101010
1010101010101010101010101010101010101010101010101010101010101011010101010101010101010101010101010101
0101010101010101010101010101010101010101010101010101010101010101010101010101010101010001010101010101
0101010101010101010101010101010101010101010101010101010101010101010101010101010101010101010101010101
0101010101010101010101010101010101010101010101010101010101010101010101010101010101010101010101010101
0101010101010101010101010101010010101010101010101010101010101010101010101010101010101010101010101010
1010101010101010101010101010101010101010101010101010101010101010101010101010101010101010101010101010
101010101010101010101010101010101010101010101010101010101010101010101010101?010101010101010111101010
1010101011011101010101101010110110101011010101011010101010101010101010111010101010101010101010101010
1111110101010101010101010101010101010101010101010101010101010101010101000101010101110101010101010100
1010101011111011010110101101101011010101011010010101101010110110101011101100110101010101010101010101
0100010101010101010101010101010101010101010101010101010101010101010101010101010101010101010101010101
0101010101010101010101010111010101010101010101010101010101010101010101010101010101010101010101010101
0101010101010101010101010101010101010101010101010110101010101010101010101010101010101010101010101010
10101010101010101010101010101010101010101010101010101010
