Samples:
o100000111111111111011111110111111110000011111110111000001111100001111000011111000011100000111100000
1110000011111111111101111111000001111011101110111011101111111101110111011111111111111111111011111000
1111111101111111111111111011100000111111111111000001111111111110111011100000111100000111111101111100
0011100000111000001111000001111000011111000011101111111011111111111101110111011110000011101111111011
1101110111111100000111100000111100001111111111111000011110000111101110111011101111111111111111011110
0001111000001111111011111000111111100111011111111111101110111011111101011100000111100000111111101110
1111110111110111011101101111111111000111000001111000011110000011101111111111110111111111111100011111
0000111000001111000001111111111101111111110000111000001111000001110111011101111111111110111011101111
0111011111111111111110111011111110111111110000011111110111000001111000001111111111111000011100000111
1111111111111011100000111111111111011001111111100011111100011111111111111010111111101111111111110111
0111111101111111101111000011111111111101110111111111111011101111111111111101011100000111011111111011
1011100000111000001111011101111111011110000011110000111100001111111111111111111110111111101110111100
0001110000011111111111101111111111111111000001110000011111111011111111111111000111100001111110011110
0000111100000000001111011101111100011111000011100000111111000111111111111100001111000011100000111100
0001110000011111000011110000111000001111100001110000011111111011100000111011111111011101111111111111
0000111011101111000001110111111011111111000001110000011110000011101110111100000111000001111111011110
0000111100001111100001110111011111111111101110111000001111111101110111011110000011111000111111111111
0111011100000111111111111011101111111111110000011100000111100000111100001111111101110000011110000111
1011111110000011111101011110000111011111111111101110000011110111011101110111111011111000001111111111
1100000111110001101100001110000011111000011101110111100001111111101111111011110111011101111111111111
1111111011100000111000111100000111000001111110101110111011110000111100000111011111111011101110000011
1111111111000001111111101110111011101111111100000111000001111111101110000011111111111100000111011111
1111111111100000111111010111000001111000001111100011100000111100000111111101111110101110111011100000
1111110101110000011111000011111111111111111111011111110000011111000011111110111100001111000001110000
0111110000111111111111111111111000011110000111110000111111111111000001110000011111111011101110111111
0101110111011101110111111110111000001111111101111111111110000111100000111000001111100001111111111110
0000111000001111000011111000011110000111100000111011101111000001111111011101111110111101110111111110
0001111011101110000011110111111111111101101111111100001111111111110000011101011111011110000111100000
1111000011111111111110000011101110111011111111111100000111100001111111111111000011101110111100000111
0000011111101011111110111000001111000001110111011110000011110000111110000011111110111011111111111111
1101110111111110111000001111111011111000011101110111100000111011101111000001111000011101111111111111
1111000011111000011100000111110000111110001111110011110111011101111111111110111000001111111111111000
0111100001111011101110111011111111011111110111111010111111111111000011110111011101111111101110111011
1011111101011110000111011111111111111110111111111111011110000111111111111011101110000011110111011100
0001111111111110111111110000011111111011111111111100010111011110000011101110111100001111111101110111
0111101111111111101111000111101111111111110101111111100001111111111110111111111111111100000111111111
1111111011101111111111111111011101111110011110000011111111111100001111011101110000011110111011111111
1111000001111100011111111111100000111111101111011101110000011111111011110000111100000111111011101110
1111110101110000011111000111100000111000001111110101110000011110000111100000111000001111000001110000
0111111010111011101110111111110000011111110111111010111011111111110011111111011100000111110000111110
0011111000011111111111100000111011101111111111111111011101111111110000111100001110111111111000011100
0001000011111111000001110111011111111111101110111100001111011101111000011110000011100000111111110111
1111111111110111111110111000001111111101110000011110000111111111111011111111100001110000011111000111
1100001111111111110000011110000111000001111011101110111011110000011110000111100100111101111111100001
1111111011101110111011111111011101110111011111111111100000111110000111000001110111111110111011100000
1111111111111000011111111111100000111011101111111111110111011111111111110000111011111111111101110111
0111111111111011101110111111111111011110000111100000111000001110111111110000011111111111100000111111
1000001111111011111101011110000111111111111111111110000011111111111100000111011101111110101111000011
1011111111000001110111011111101011111111111100000111011101111111111110000011101110111100000111011111
1111000111111000111000001111110101110111111101111111110000111011101111000001111111011100000111111110
1111111011111111011100000111111111111110001111100011111000011100000111100000111000001111100011111111
0111000001111110111111000011101110111100000111011111111100011110000011111111111100000111000001111000
0011100000111011111111011101110000011111111011100000111000000111110001110111011110000011111111111111
0001111111011101111111110000111011101111110101111000011100000111100000111000001111000001110111011111
0000111100001110000011110000011110000111100000111100001110000011110111011100000111111110111000001111
1111111101110111000001111000001110000011110000011111110111111111111111111110000011111100111110000111
0000011110000011101110111000001111011101111000011111111111100000111111011111011111111111111111000011
1000001111000001111100011111000111110000111000001111111111111000011111101011100000111111111111011101
1100000111111110111111101110111111111111011100000111111111111100011110000111111111111110001111111111
1111110111000001111000001111111011101111111101110111011101111000001110111111111000111100000111111101
1111101011101110111000001111100001110111111111111111111110111100000111011101111100011110000011100000
1111100001110111111101111111110000111011101111111101110111111100000111100000110011111011111000001111
0000111111110111011101110000011111110011110000111101110000011111111011101110111000001111011101110000
0111100000111000001111111111110111011101111111101111111110001111111111111111011111000111110000111011
1011110000011100000111110000111011101111000011111100011111110111100000111111111111100001111111011101
1111111000001110111011110000011101111111111111111100001111111011110111011100000111100001111111101111
1000111101111111111111111000001110111011111101011100000111011111111011101110000011111000011100000111
1000011111100011111000111100000111111101110000011110000011101111111111110111000001111111111110111011
1100001111111101110000011111101111111110111111101111100001110111011111101011100000111111111111111111
1100000111110000111000001111111111110000011111111111000000111100001110111111110000011100000111100000
1111000011111111111101110111000001111111101110111011110000111101110111011111111000001110111111111000
0111100001111000011111000011111111111100000111111111111110111110111111110000111111111111000001111111
1011101110111000001111011111111111111110000011111111111100001111011111110111011100000011101110111111
1111111111011100000111111111111000001111111101110000011111111111111111110000011111110111000001111100
0011111111111100000111011111111000001111111111111111111100000111000001111111111110000011111000011110
0001110111111110000011100000111111010111000001111111101111111011111111111111110111011101111110101111
0000111100001111000001111000011110000011111110111111111111000001110111111110000011110000111100000111
1000011110000111101110111000001111111111111111011111111111111110111000001111100001111000011110000111
1000001110111111111111011100000111111111111000001111111111110111011101110111111111111000001110111101
1100000111111111111111101111000011111100111111110111000001111100001111000011111111011101111111011111
1110111111100000111111110111000001111000011110000011111111111100000111110001111100001110000011110000
1111011111110111111110000011110000111100001111000001110000011110000011101110111111000111100001111000
0111100000111100001111111111111111111111110111110000111100001111011111000000000000000000000000000000
0000000000000000000000000000000000000000000000000000000000000000000000000000000000000000000000000000
0000000000000000000000000000000000000000000000000000000000000000000000000000000000000000000000000000
0000000000000000000000000000000000000000000000000000000000000000000000000000000000000000000000000000
0000000000000000000000000000000000000000000000000000000000000000000000000000000000000000000000000000
0000000000000000000000000000000000000000000000000000000000000000000000000000011000000000000000000000
0000000000000000000000000000000000000000000000000000000000000000000000000000000000000000000000000000
0000000000000000000000000000000000000000000000000000000000000000000000000000000000000000000000000000
0000000000000000000000000000000000000000000000000000000000000000000000000000000000000000000000000000
0000000000000000000000000000000000000000000000000000000000000000000000000000000000000000000000000000
0000000000000000000000000000000000000000000000000000000000000000000000000000000000000000000000000000
0000000000110000000000000000000000000000000000000000000000000000000000000000000000000000000000000000
0000000000000000000000000000000000000000000000000000000000000000000000000000000000000000000000000000
0000000000000000000000000000000000000000000000000000000000000000000000000000000000000000000000000000
0000000000000000000000000000000000000000000000000000000000000000000000000000000000000000000000000000
0000000000000000000000000000000000000000000000000000000000000000000000000000000000000000000000000000
0000000000000000000000000000000000000000000000000000000000000000000000000000000000000000000000000000
0000000000000000000000000000000000000000000000000000000000000000000000000000000000000000000000000000
0000000000000000000000000000000000000000000000000000000000000000000000000000000000000000000000000000
0000000000000000000000000000000000000000000000000000000000000000000000000000000000000000000000000000
0000000000000000000000000000000000000000000000000000000000000000000000000000000000000000000000000000
0000000000000000000000000000000000000000000000000000000000000000000000000000000000000000000000000000
0000000000000000000000000000000000000000000000000000000000000000000000000000000000000000000000000000
0000000000000000000000000000000000000000000000000000000000000000000000000000000000000000000000000000
0000000000000000000000000000000000000000000000000000000000000000000000000000000000000000000000000000
0000000000000000000000000000000000000000000000000000000000000000000000000000000000000000000000000000
0000000000000000000000000000000000000000000000000000000000000000000000000000000000000000000000000000
0000000000000000000000000000000000000000000000000000000000000000000000000000000000000000000000000000
0000000000000000000000000000000000000000000000000000000000000000000000000000000000000000000000000000
0000000000000000000000000000000000000000000000000000000000000000000000000000000000000000000000000000
0000000000000000000000000000000000000000000000000000000000000000000000000000000000000000000000000000
0000000000000010000000000000000000000000000000000000000000000000000000000000000000000000000000000000
0000000000000000000000000000000000000000000000000000000000000000000000000000000000000000001100000000
0000000000000000000000000000000000000000000010111100011111000011101100111111100111110001111100001110
1000111110000111000001111100011110000011111000111101000111000001111010001110000011111000011100000111
1010001110000011111000011110000111111100111010001111010001111000011111100011101000111111000111010001
1111000111101100111111111111111101110000011110100011101100111111000111000001111110001111111011111100
1111100001111110011110100011100000111111000111100001111000001110110011111100011100000111010111010001
1110000011111110111110000111110001111111101111100011110100011101100111110000111010001111100001111100
0111111000111111001111000011110000011111100111111000111100001111000001110100011111000011111000111110
0001111000011110000011100000111111000111111101111100001110000011111110011101000111100000111010001111
1110000000100111111110011101000111111110111100001111100011110000011101100111111000111110001111011001
1110000111100000111010001111100001111100011111100011100000111101000111010001111111001110110011111110
1111000001110100011111000011110100111101000111110000111111001111111011111000011111100111100000111010
0011111100011111100111111000111110001111000011110000011101000111111100111110001111110001111000011111
1100111011001111010001111111111111000011100000111111000111111101111000001110100011111010011110000111
1010001111100011111111011110000111111000111000011111111001111010001111100001110100011110110011101111
1100011101000111111100111110001111100011110000011110000111111101111010001111000011110100011110000111
1000001110000011111110111100000111100001111000001110100011110000111100000111000001111011001110100011
1100000111011001111100011111000011111000111100000111000001111000011110000011110000111111100111111101
1111000111110000111011001111011001110000011111000011111000111000001111010001110000011111000011100000
1111100011110000011100000111111000111010001111110011110110011100000111110000111000001111100001110000
0111010001111010001110110011111000011101000111110001111100001111111011110000011100000111111110111111
1011111000111110000111010001111100001110110011111110011101100111111000111000001111000011110000011110
0001111100001110000011110000011100000111111001111111001110100011111100011100000111111100111110001110
0000111101100111000001111010001111000011100000011101000111110001111100001111111011111110011100000111
1000011111110011110000111111000111010001111100011110100011100000111110000111111001111000011110000011
1010001111000001110000011100000011110000111110001111110001111100011111000011101100111111111111011001
1101000011110100011110000111111001111100001110000011111111011100000111111000111011001110100011110111
0111010001111110001110000011110000011111100111110001111010001111110011111100011111100111111000111100
0011101100111111100111100001111000001111110011111110111101100111010001111000001110000011111100111111
1001111100000001111011101000111100000111100001111100011111100011100000111101000111000001111100001110
1000111110000111000001111000011110000011101000111100000111110001111111001110100011111000011111000111
1000011110100011101100111100000111111101111000011110000011111000111111000111000001111000001110000011
1110001111111001111000011111000011110000111111000111110001111111111111100011101000111100000111000001
1110000111101000111100001111000001110000011111000011111000111100000111111101111100011111000011101100
1111110001110100011100000111111111111100001111111101110000011111110011100000111010001111110001110100
0111110011110000011100000111000000111000001111111111110100011100000111110000111010001111100011111100
0111000001111000001110110011111100011110000111010001111100001110100011111110011111000111110000100011
1110000111000001111111001111111011101000111101000111100001111100001110100011100000111100000111010001
1111000011100000111100000111000001111100011111110011101000111111000111011001111100001111111011111110
1111010001110110011111110011101000111110000111011001111100011110000011101000111111000111100001111111
0011101100111000001111000001110000011110000111100000111010001111100001110100011111111111111000111000
0011110000011110000111111100111110001111110011110000011111110111010001111000001110100011111100011110
0001111111001110000011101000111110000111100001111000001111000011111100011111111000111111000111110001
1111110111101000111000001111000001111000011111000111111000111110001111111001110100011111110011100000
1111100011111100011111000111110000111010001110100011111100011111100111111100111000001110110011110100
0111111001111011001111000011111100011100000111110000111111001111100011111110011111000000000000000000
0000000111100001111100011110000011100000111100000111000001111110001110000011111000111100000111000001
1111100011110000111111101111010001110000011110000011101100111111000111000001111000011110000011101000
1111000001110100011101000011100000111010001111100001111111011111000111100000111010001111000001110100
0111100000111010001111000011111000011111000111110000111000001111000011110111011111000111111100111110
0011111000011101100111110001111110001111000011110000011101000111111000101010001110000011111000011111
1001111100001110100011101100111111000111111001111110011110000011101100111111111000111000001111100011
1111110111000001111000001110000011110000111111000111110001111100001110000001111110111011001110000011
1111000111010001111111011110110011101000111111000111000001111100001110100011100000111100000111111001
1110000011100000111010001111100001110000011111100011100000111111101111110001110100011110000011110000
1111000001110000011111000111110000111111001111111001111110011111000111111110111011001111111101110000
0111110000111000001110100011111100011101000111111000111110001111000001111100011111100111101100111111
1011110100011111110011101000111010001111111001111100011111110011111110111111000111010001111111101111
1111111110001111111001111011001110001111110001111000011110000111100000111111101111110001110000011110
0001111000001111100011110000011101000111110000111010001110110011111100011101000111100000111100001111
0000111111000111011001111000001110100011111000011101000111110001111110001111100011111100011111000111
1000011111110011101000111101000111011001111100001111111011111000111100000111100001111000001111111111
1100000111110001111110011110110011110000111111000111110001111000011110110011101000111100000111010001
1110000111101100111110001111000001110100011110000011111100111110001111011001110000011011110011111111
1111000001111110011110000111111000111000001111000001110000011111000111101100111110001111000001110100
0111110000111111001111000011110100011101000111101100111000001111110001110000011111000111110000111000
0011110000011100000111000000111111001111100011110100011100000111110000111100001110100011110000011100
0001111111101111000011110000111100000111000001111011001110100011111000011111000111111001111000001110
0000111110000111100001111110011111100011111110111010000111000001110100011110100011100000111100000111
0000011110000111100000111110001111000001111000011110000011100000111000001111000001110000011110000011
1010001111000011110111011100000111110000111010001111100011111000011110000111100000111010001111100011
1111110111100001111000001111000011110000110000011011111100111110001111011001110000011101000011110000
1111100001110100011101100111100000111000001111000001110000011100000011100000111000001111011001111000
0111111000111000001111100011110100011100000111101000111011001111110001110100011100000111111000111000
0011111000011101110111100001111010001111110011111000011110000111111001111110001110100011111110011110
0001111100001110000011111000111111000111010001111110001111000011110000011111100111111001111010001110
0000111111100111000001111100011110000011110000111111000111111001111000011110110011111100111101100111
0000011110000011111100111000000111001100001111000011111000011100000111110000111111001111000011111100
0111000001111100001111110011111111111111100111110000111010001111000011111111011111000111100000111100
0011111100011100000111100001111100001110110011111111011111100111111111111110001111100011111000011110
0001111000001110110011110000011100000111100001111110001111000011111110011101000111100000111110001110
0000111100000111000001111100001111111011111000111100000111100001111100001110000011111000111111100111
1000011110000011110000111110000111010001111000011110000011100000111100000111100001110100001111000011
1000001111110001110100011111000011111100111110001111000001110000011110000011110000111110001111000001
1111000111110000111100001111100001111000011111000111101000111010001111000001111000011110000111101000
1110000011111100011101000111110000111000001110100011111100011100000111110000111111001110000011111100
0111110001111100011111000011101000111110000111010001111110001110000011110000011110000111110001111111
0011101000111110000111010001111110011111000011100000111100000111110001111111001111100011101000111101
1001111110011111100011111000111100001111010001110000011111110011100000111100001111100011111111000001
1110100011100000111100000111000001111110011111110011101100111111100111011001110000011110100011100000
1111111101110000011100000011100000111100001111000001110000011111000011111000111000001111000001110100
0111110000111100001111111011110100011100000111111100111111001111100011110000011101000111110001000111
0100011111000011110000111111001111100001110000011111000011101000111111101111000001110000011111100011
1111001111110011111100011101100111100000111011001111111111110000011111000111110000111100001111010001
1100000111100000111011101110000011110100011100000111110000111000001111000001110000011101000111111000
1110100011111100111110000111111101111110001110100011101000011100000111100001111000001111000011111100
0111011001111000001111110011111000111111110111000001111000001111110011111000111101000111000001111000
0011101000111100000111110001111100011111100011100000111100000111111001111100011111000000000000000000
0100000000000000000000000000000000000000000110000000000000000000000000000000000000000000000000000000
0000001000000000000000000000110000000001110000000000000000000000000000000000000000000000000000000000
0000000000000000000000000000000000000000000000000000000000000000000000000000000000000000000000000011
1100000100000011100000000000000000000000000000000000000000000000000000000000000000000000000000000000
0000000000000000000000000000000000000000000000000000000000000000000000000000000000000000000000000000
0000000000000000000000000000000000000000000000000000000000000000000000000000000000000000000000000000
0000000000000000000000000000000000000000000000000000000000000000000000000000000000000000000000000000
0000000000000000000000000000000000000000000000000000000000000000000000000000000000000000000000000000
0000000000000000000000000000000000000000000000000000000000000000000000000000000000000000000000000000
0000000000000000000000000000000000000000000000000000000000000000000000000000000000000000000000000000
0000000000000000000000000000000000000000000000000000000000000000000000000000000101000000000000000000
0000000000000000000000000000000000000000001100000000000000010000001000001000000000000000000100000000
0001100000000000000000000000000000110000000000000100011000000000001000000000000011000000010100000000
0010000001111100000000001100000000000001100000000000100000100101101000000000000000100000000000011000
0000000000000000000000000000000000000000000000000000000000000000000000000000000000000000000000000000
0000000000000000000000000000000000000000000000000000000000000000000000000000000000000000000000000000
0000000000000000000000000000000000000000000000000000000000000000000000000000000000000000000000000000
0000000000000000000000000000000000000000000000000000000000000000000000000000000000000000000000000000
0000000000000000000000000000000000000000000000000000000000000000000000000000000000000000000000000000
0000000000000000000000000000000000000000000000000000000000000000000110000000000000000000000000000000
0000000000000000000000000000000000000000000000000000000000000000000000000000000000000000000000000000
0000000000000000000000000000000000000000000000000000000000000000000000000000000000000000000000000000
0000000000000000000000000000000000000000000000000000000000000000000000000000000000000000000000000000
0000000000000000000000000000000000000000000000000000000000000000000000000000000000000000000000000000
0000000000000000000000000000000000000000000000000000000000000000000000000000000000000000000000000000
0000000000000000000000000000000000000000000000000000000000000000000000000000000000000000000000000000
0000000000000000000000000000000000000000000000000000000000000000000000000000000000000000000000000000
0000000000000000000000000000000000000000000000000000000000000000000000000000000000000000000000000000
0000000000000000000000000000000000000000000000000000011000000000000000000000000000000000000000000000
0000000000000000000000000000000000000000000000000000000000000000000000000000000000000000000000000000
0000000000000000000000000000000000000000000000000000000000000000000000000000000000000000000000000000
0000000000000000000000000000000000000000000000000000000000000000000000000000000000000000000000000000
0000000000000000000000000000000000000000000000000000000000000000000000000000000000000000000000000000
0000000000000000000000000000000000000000000000000000000000000000000000000000000000000000000000000000
0000000000000000000000000000000000000000000000000000000000000000000000000000000000000000000000000000
0000000000000000000000000000000000000000000000000000000000000000000000000000000000000000000000000000
0000000000000000000000000000000000000000000000000000000000000000000000000000000000000000000000000000
0000000000000000000000000000000000000000000000000000000000000000000000000000000000000000000000000000
0000000000000000000000000000000000000000000000000000000000000000000000000000000000000000000000000000
0000000000000000000000000000000000000000000000000000000000000000000000000000000000000000000000000000
0000000000000000000000001000000000000000000000000000000001000100000000000000000000000000000000000000
0000000000000000000000000000000000000000000000000000000000000000001100000000000000000000000000000000
0010001100000000000000010000000000000000000000000000000000000000000000100000000000000000000000000000
0000000000000000000000000000011100000000000000000000000000000000000000000001000000100000000000000000
0100000000000000000000000000000000000000000000000000000000000000000000000000000000000000000001000000
0000001110000000000000000000000000000000000000000000000000000000000000000010000001100000000000000000
0000000000000000000000000010000000000000000000010000000000000000000000000000000000000000010000100110
0011010000000000000111010000000010000000000011000011000100110000000000010100000000000000000000000000
0000000110000100000010000000000001000000000000010000100000000000100000000000000000000001000000000000
0000000000000000000000000000000000000000000000000000000000000000000000000000000000000000000000000000
0000000000000000000000000000000000000000000000000000000000000000000000000000000000000000000000000000
0000000000000000000000000000000000000000000000000000000000000000000000000000000000000000000000000000
0000000000000000000000000000000000000000000000000000000000000000000000000000000000000000000000000000
0000000000000000000000000000000000000000000000000000000000000000000000000000000000000000000000000000
0000000000000000000000000000000000000000000000000000000000000001000000000000000000000000000000000000
0000000000000000000000000000000000000000000000000000000000000000000000000100000000000000000100000000
0000000000000000000000000000000000000000000000000000000000000000000000000000000000000000000000000000
0000000000000000000000000000000000000000000000000000000000000000000000000000000000000000000000000000
0000000000000000000000000000000000000000000000000000000000000000000000000000000000000000000000000000
0011001000000000000000000000001100000000000000000000000000000000000000000000000000000000000000000000
0000000000000000010100000000000000111000000000000000000000000000000000000000000000000000000000000000
0000000000000000000000000000000000000000000000000000000000001111111111111111111111111111111111111010
1111101111011011011001110100110111011111001101101100110110011011101100000001101110000000011111111111
1110000111111111111011111110000011111111111101111111110000111100001111111111110111011101111111101110
1110111111110000011110000111111111111000001111011111110111011110000111100000111111110000111100001111
1000011111000111111111111111111111111111110000011111111110100000111111111111000001111111011110000111
1000001110111011111111011110000111111101111011101111000011110000011110000111100001111111101110000011
1110000111111111111111111110111011100000111101110111100001111100001111000011111111111101110111000001
1111111011111111111100000111100001111111111111000011111110111111110111111101111100011111111111100000
1111111111111111011110000111100000111100001111111101110111111010111011100000111111111111000001111111
1111101110111100001111000001110111011111111111110000111111111111111101110111011110111011111111111100
0001110000011111111011100000111111110111111111111111111110111011111111111111100111000001111000001111
1111111111111111000001111111111110111011101111111100000111100001111100001110000011110111011100000111
1100001110000011110111011101110111111111111110001111111111110111011101111111101110111011111101000001
1100000111100000111111011111111101110000011110111011100000111111111111000001111000001111111111111111
0111111111111111111110111011100000111100000111100001111111101110111111111111111110000111111111111000
0011111000110101111111011101110000011110000011111100111100000111011111111011101111000011111111111111
1111111011111111011101110011110111000001111111101111111011111111111101110111000001111011111110111111
1111111111000001111111111110000011101111111110000111111101111111111110000011111111111101111111111111
1111100001011110000111110000111011101111000001111000011111111111111111111111001111111111110000011111
1111111100001111000011111111111100000111111111111011101111111011111111111100000111100001111000001110
1110111111010111000001111011101110000011110000111100000111011111101000001111000011111000111101110111
0000011110000011110000111111111111111111110000011110111011101110111100001111000001111000011110000011
1000001111000001111000011111111111101111111100000111111110111011101111110110111011101110000011111000
0111011101101000001111110011111111111111111111100000110101111111111111111111110001111100001110000011
1111111111000001111000011110000011100000111110001111011111111111111110111011111110111110000111110001
1110111011110000111100001111011111111000011110000011110000111100001111011111111111111110111011111110
1111111101110000011111111111101110111011111111111101110111011111111111100000111011101111111101111000
0111111111111011101110000011110111011111110111100001111000001110000011111000011111000111111110111100
0011111111110101110111111111111110001110000011111000111101111111111111111111111111000011111111111111
1111111000011111111011111110111100001111011101110000011111111011100000111100001111000001110000011110
1111111100001111111111110111011100000111101110111011111111000001110000011110000111101110111111101111
1000011111111111111110111011111110000011011111111100000111100000111000001111111111110111011110000111
1011101110111011110000011111111111111111111011101111111111110000011101111111110001111100001111000011
1110000111011111111111101110000011111111111100000111111001111000001110000011101111111100000111011101
1100000011111000111111111111000001110000011111111111100000111100001111111101111111011110000111111111
1000111111110111100001111111111110111011111000111111111111100001111111111111111111111000111111110111
1000011101111111111000111111111111000001111000011111111111111110111110001111100001110111111110111111
0111110000011110111011110111111101111011101111111100000111111110111011101111111111111110001111111000
0011101110111100001111111101110111111111111111101111111111111111000001111111111110111011101110111110
0001110111011111110111101111111111110111011111111111101111111000001110111011111111011110000111111111
1110111111100000111111010111111101111110111110111111111101011101110111111101111111111110111011110000
1111110001110111011110000011110000111111111111110001110000011110111011100000111110000111111111110001
1111111111101110111011111111000001110000011111000111111000111111111111100001110111111111111111111111
1111111101111111011101111111101110111100001111111101110000011111101111111110111011111111111111111111
1110110000111111111111111111110111011101111110101111111111101111111111111111111101111111111110111011
1011111111011100101111111011101111111111111111011101110111111011111011101111000011110000011111000111
1110111110111011101111111101110111011111111000001111111111110000111111110111111111111011101111111011
1100000111100001111000001110000011111000111111110111111111111111111010000011110000110101111111000001
1101111111101110111100001111111101111000011111111111111110111000001111111101110000011110000111110000
1111000011110111011101111111111110111000001111000011110111011100000111110000111111101111111101110000
0111111111111011101110000011111111011111000111100000111111101111111111110000011111111110101111111011
1011111110011110000011101111111100001101000001111111111111100011110000111100001111011111111111111010
1111111000001111100101111111110000111100001111000001111000011110000011111111111110011111111111111011
1011111111111110000111111111101000001110000011110000011111100111111000111011001111110011111011111100
0001111111001111111111110000011111111111101111111100001101011111110111011111101111111110111100001111
1111011111111111110000111111111111000011111000011110000111101111111111111111100001111000011110111011
1100001111011101111100000111100001111111111110000011111000111100000111101111111111101111000011110111
0111101001111000001111110011110111111111110111101111111011111111111111110000011111111111111111111111
1111010000011101111110100000111000001111000011111000011110000111111110111000001111000001111000011110
1110111000001111100001111111111111111111100000111100001111000001110000011111000011111111111101110111
1100011110000011111111111111110111000001111011101111110111010000011111000110101110111000001111000001
1100000111111000111111111111110011110000011110000111100000111011011111111111110111111110000011110000
1111100001111000011111111111110000111111111111100001111100011110111011100000111101110111011111111000
0011100000111110001111011111111000011110111011111111110100000111111111111111111110111111101111111100
0001111000011110000011110000111101111111110001111100001111000011111111011111111111101111111111111111
1111111101110111000001111100001111111111110111111110000111111001111000001111111111111000011111111110
1100001111000011111111011111110111111111111110001111000011111111111100000111111110111011111111011111
1111110111100001111111101110111111110000011111111111100000111100001111011111111001111100011110111111
1111111111111101110000011111000011101111111111111111111111111111111110000011101111111100000111000001
1110111011111111111100000111111111111100001111000011111111111101111111111000111000001101011101110111
0111111111111011101111100011110111111100000111111110111011101111111111111000011110000111100000110101
1101110000011100000111100000111000001111000001110111011111111111110000111000001111111101110111011110
0001111111101110111111010000011100000111111111111111101110111011111000111100000111011111111000001110
1111110110000111011101110111111111111111100000111110001111011101110111111111111011111110111111001111
0111011110000111100000111111101111000001110111111111111111101110111000001111000001110000011111111111
1011101111000011110000011111111111100001111000001111100011110000011110000111111000111011111111000011
1110000111110001111111101110111011110000011110000111111111111011101110111011111111111000000111011101
1110000111111110111111101111100011110000011101111111100000111100001111100001110111011111111111101110
1111111011100000111111111111000001111000001111000011111111011100000111111101111100001110000011110000
0111011101111110101110000011110000111110000111100001111100001110000011111101111100000111100001111000
0011100000111100000111011111111111101110000011110000111110000111111111111111111110000011110000011100
0001110000011110000011111111111100000111000001111111111111111011111111111101110111000001111100001111
0000111110000111100001110111111111111000001111111111111111111101110111100000111011101111111111110111
0111011101111000011110111011101111111100000111000001111111101110000011111111111101110111011111101000
0011101110111111001111011111111000011110000011111111111100000111011111110111111110000011100000111101
1101110000011111000111111110111011111111111101111111011111111111100000111111111101011111111000011111
1110111011101111100001111000011111111111111110111100001111000001110111011111111011101110111111111111
0000011111000111101111111000001111000001111000011111100111100000111111101101000001111000011111111111
1100001111100011111000011110000111100001111011101110000011111111011100000111111110111000001111000011
1111110000011111111011111110111100001111000001110111111111111111101110111111111111011101110111111111
1111111000001111100001110000011110000111100000111110001111000011110000011110000111111110111011101111
1111011101110111110001111011101110000011111101011101110111011111111011101110111011110000011100000111
1100011110111111101110111110000111000001111000011111111011101110110101110111111101111000011110111111
1111111111011101110111111111111111100000111100001111000010000011111111111110000111000001111000001110
1110001000000000000000000000000011111101100110110110011011011001101101110110111010011110011111100000
0000000000000000000000000000100000000000000000000000000000000000000000000000000000000000000000000000
0000000100100000000000000000000000000000000000000000000000000000000000000000000000001000000000000000
0000000000000000001000000000000000000000000000000011000000000000000000000000000000000000000000000000
0000000000000000000000000000000000000000000000000000000000000000000000000000000000110000000000000000
0000000000000000000000000000000000000000000000000000000000100000000000000000000000000000000000000000
0000000000000000000000000000000000000000000000000000000000000000000000000000000000110010000000000000
0000000000000000000000000000000000000000000000000000000000000000000000000000000000000000000000000000
0000000000000000000000000000000000000000000000000000000000001000000000000000000000000000000000000000
0000000000000000000000000000000000000000000000000000000000000000000000000000000000000000000000000000
0000000000000000000000000000000000000000000000000000000000000000000000000000000000000000000000000000
0000000000000000000000000000000000000000000000000000000000000000000000000000000000000000000000000000
0000000000000000000000000000000000000000000000000000000000000000000000000000000000000000000000000000
0000000000000000000000000000000000000000000000000000000000000000000000000000000000000000000000000000
0000000000000000000000000000000000000000000000000000000000000000000000000000000000000000000000000000
0000000000000000000000000100000000001000000000000000000001110000000000000000000000000000000000000000
0000000000000000000000000000000000000000000000000000000000000000001000000000000000000000000000000000
0000011000000000000000110000000000000000000000000000000000000000000010010000000000000000000000000010
0000000000000000000000000001110010000000000000000100000000000000000000001001000011100000000000000000
0000000000100000000000000000000000101000000000000000000000000000000000000000000000000000001000000000
0000010000000000000001100000000000000000000000000000000100000000000000000000000000000000000000100000
0010000000000000000000000000000000000000000000100000000000000000000010000000000000000000000000000000
0000000000000000001100000000000000100010010000001111000100001000000000100000001000010000000000000000
0000101000000100110000000000000000100100000000000000000000000001000000001010000000000000000000000000
0001000000000001100100000000100110000010000000010000000000000000000000000000000001010001000000000000
0000000000100100010100001000000011000000000000000000000000000000000000000000000000000000000000000000
0000000000000000000000000000000000000000000000000000000000000000000000000000000000000000000000000000
0000000000000000000000000000000000000000000000000000000000000000000000000000000000000000000000000000
0000000000000000000000000000000000000000000000000000000000000000000000000000011000000000000000000000
0000000000000000000000000000000000000000000000000000000000000000000000000011111111101111111111111111
1111111111111111011110000111011111001111101001101110110110011011001111110110000000000111100000000000
1111110001111000011110100011111100111100000111010001111010001111100011110000011111000111111110111010
0011111100011111000111100000111000001111010001110000011111100111101000111110001111000001111110011111
0000111110001111100001111111011011000011111110111110000111110001111011001111000011110100011100000111
1110001110000011111000011111000111111100111000001111110011110100011111000111100000111100001111000001
1111100111101111111110001111110001111000011111100011111000111100000111010001111100011111100011101000
1111010001111100011011000011111000111111000111100001111110001111000011111100011100000111100000111000
0011110100011100000111100000111100001111111011110100011111000111100000111110001111110001111000011111
1100111111001111111111110100011111100111100000111010001111110001110000011110000011111110111111000111
1110011110000011101000111101000111110001101110001111000011110010000001111010001111000011111000011110
0001111111011111000011101000111110000111110001111111001110000011110100011101000111110000111110001111
1000011101000111101110111010001111000001111000011111110111110000111110001111110001111111011111000011
1100001111000001111100011111000011111000111111000111011001111110001111100011100000000000010100011110
1100111111001111110001110100011111110011111100111111001111000001111100011110000011111000111111110111
1110011111000111100000111100001111010001110000011111000011111000111110000111010001111011101111111011
1111001111110001111000011111110011110000111101000111010001111000001111110011110100011100000111111000
1111100011111000111100000111111000111111001111110011110000011110000111111000111111001111110001110000
0111100000111110001111110011111100011111100111111000111100001111111001111100011110000011101000111100
0001110000011111110011100000111111001111100001111110011111100011111110111111100011111000111111001101
0000011101000111111101111010001111100011111100011100000111110001111100000001110100011111000111100000
1110100011110000111101000111000001111000011110100011101000111111101111010001110110011111100011100000
1110000011111100011111000111110001111000001110100011111000111110000111110001111110001110000011100000
1111000001110000011111000111101100111000001111111011110100011101000111110001111000001111000011111000
0111111001111100011110110011101100111100001111011001110100011111000111100000111010001111000011111100
0111100001111111001110110011110000111111110111111001111111001111110011100000111100000111011001111000
0111110000111111001101010001110000011111100011100000111010001111000001111000011110000011101000111110
0011110100011100000111101000111101110111110001011100001110001011110100011111000111110000111011110110
0111010001111010001110100011110000111111100111110001111011101110000011111100011100000111100001111011
0011101000111111001111000001110000011110000111100000111111000111100001111100011110000011110000111100
0001111100011111000111101000111111001111000101111111111110100011101100111110000111100001101100001110
0000111111100111000101111000011110000011111000110111000111111001111100011110000011110000111100111111
0011111000111101111110011110111101000111111000111111001111111011011000011111110111100000111010001111
1000111100000111100001111110001111100011110000111101100111110001111011001111011011110000011101000111
1000011110000011100000111110000111000001111000001111110011111110011111000111111111111100001111100011
1101000111011001111111101110001001110100011111100111111000111111101101000001111100111111000111100000
1111000011111100111110000111100000111010001111110101111111101111000111111100111110100011110110011111
1111111101100111111001111111101111100001110010001110111111111100011111001111111011110000111101100111
1110011110000011100000111110001111000001110000011110000011100000111100000111000001111111011110100011
1010001111110011111000011111110111101000111111001111000001110000011100000011111110111100001111000001
1111100111110000111000000000000000010001110100011110000110100000111011001111100001110000011111000111
1011001111111011111100011100000111100001111010001110100011111100011111100111111101111000001111000011
1100000111100001111111101110110011111110011100000111000001111100001111000011111100111101000111110001
1110000011111000111111000111111001111111011111100011111100111111000111010001110100011110100011100000
1111010001111111100000011101000111111111100001111110011110100011100000111111000111010001111000011110
0100111111001111111001110111011111100111111100111101100111111100111000111111101111111111111110001111
0100011101100111111110111111001110000011111111011111100111111000111010001111100011110100011101000111
1100001111111011111000111101000111110001111000001110100011111100011100000111110001111000001110110011
1110000111010001110000011111110011101100111110000111011001111111011110110011111000111100000111000001
1110000011101000111010001111110001111110011111000011110000111111000111111001111110011110000011100000
1111000001110110011111110011101000111111001111111001111110011111000011101100111110001111011001111110
0111100000111010001111100011111000011111100111110000111100001111111001111110011110000111101110111111
0011110000011101000111111000111100001111100011111111011110000111100000111110001110000011110000011100
0001111000011110100011111110111101111111111101111100011111000011111000111111100111000001111100011110
1100111110001111000001110000011111000011100000111110001111000001111100011111110011100000111110000111
0100011111000111111000111000001111100001110100011111000111100111000001111000001110100011111100011100
0001110000011110100011110000111100000111110001111100011111100011111100111100000111010001111110011111
0000111000001111000001110100011111000011111100111110001111010001111110011110000011100000111100000111
1100011111100111101100111110001111000001111100011111000111111100111100000000111100001111000001111100
0111000001111011001110100011111000011101000111110001111010001110100011110100011101000111111000111010
0011100000111111000111010001111000001111100011111000110100000111000001111110001110000011110000111111
1001110000011111100011101000111111100111000001111000011110000011100000111110000111000001111110011110
1000111010001111110001111100011111100011111111111000001111010001110000011111000011101000111111111111
0100011111000111110000111010001110100011111100011111000111111110111110001111100001110100011111111111
1011001111100011110110011111000111111100111010001111111011110110010001101110001111100011111110111101
0001111110011111000011111100110111000111110001111100001101110001111010100111111111000011111110011101
1001111010001111110011111111011110100011111100111111100111110000111010001111110001111100011111000011
1000001111010001111011001111110001111110001111110011111111111111000011111001111101110011111000101111
1100111010001111111001101000101111000011111010111111101110101111111110001111100011111110001111000001
1111010111000001111100010111000011111110011100100011100000111101001111110001111111111111111011110000
0111010001111110011110110011110110001110110011111000110100000111100001111100001111100010111111111000
1111111011111000111101110111000001111110001111111111111101111110110111110001111100011101000111101110
1000011101000111111100111111111111101111111110011111110011111111111110001111100001111000011111101011
1110001111110011111110101111111111000111111110100011100111100001111110011110010011110100011100000111
1011001110110011110000011111110111111111101000111110001111100001110000011110110011111000111111000111
1000011111101111110001111100011110000001111100011110000011110000111111001111011001111000011111100011
1010001110000011110000011111110111100000111011001111110001111000011110100011100000111000001111010001
1111000111100000111111001111100001110111011000000000000000000001011111000111110001111011101110101111
1000000111111001111110011110111111111110111110000111100001111110011111111011110000111100000111100001
1111001111101000111111111111000001111000011111000111101000111111001101111011111000011111100011111100
1111000011111110111111000111100000111111101110000011111100011101010111101000111100000111010001111000
0111100000111100001101110111111100011110000011110000111101000111100001111000001110000001110000011110
0000111000011111100001111100011110000111101000111111101111100001111110011111000011111111111111000111
1100011110100011100000111101000111011110000011111100111100001111010001110110011011000011101000111110
0011110000011101100111100000111000001111100011110000011111110111100000111000001111000011111000011110
00011110100011101000111111000111111001111000011111100011101000111111101111011001