Samples:
o100001111001011111111111111100111100101111111101100000011111110011111110111111101110000001110000011
1111100110000001111111001100000011110110011000000111101101111000001111111011111111011111110111111100
1111111011100000111000000110000001111111001100000011100000011111110111000000111000001111100011111111
1111111110001111101001100000010110000111000000110000001110000001100000011101110011100000111111100111
1111111111111011111110111000000111111101110000011111010011111111111111110110100111100101110000001100
0000111000001111000001111100011110000011111111111000000111101101111111101111110011100000011000000111
1011011100000011111110111000000111000001111111001111110011100000111000000111111111110000001110000011
1000000111111111111101001111111011111110011111111111100001111111101111000011111010011100000100111111
1011100000111000000111111111111111001110000011110000011000000111000000110000001111000011111111111111
1101111111101100000011111011111000000111000000111111001111101111111111011111100111111100111111111110
0000111110110111111111111111001111011011111110011000000111111111111111001111111011111111011100000111
1111101111111011100000111111110110000001111111001111111111110000011111110111101100110000001111100011
1110000111101101111000001111111111100000111111100111111101111000011111111011111111111111100110000001
1100000011000000111000000111111101111111011100000011111111111111110110000001111111011110110011111111
1111000001100000011110000011111010111111101000111100001110000001111101111110000011000000111110000110
0000011110000011000000111101101110111001111111011100000011111010111111100111111111111100101111000011
1000000110000001111100001111011011100000011111111111111101111111101111111011100000011100000111111110
1100000011100000111000000111000001111111001111101011101110011000000111111100110000001111000001100000
0111111101111111101111101011111110011000000111111110110000001110000001111110011110110111000100000011
1000000110000001110000011111110011000000111000000110000001111111001111011111100000011000000111000001
1111111011110000111111110111111101111111001111111011111111111111100110000001111000001111000011111110
1111101001110000011111110011000000111111110110000001111111011111111011110110111011100110000001111111
1111111111111111110111111101111111111111111011111111111100000111100001111000001111111111100000011111
1111111000011111111011000000111111100111111101111000011111111011111110111000000111111111111100001111
1010111111101110000001111111111110000011111111111110111111101001100000011111111011111111111000000111
1011011000000111111110110000001111000001111111100100111000001111111011100000011111110111111100111111
1011000000111000000110000001110111001100000011100000011000000111100000110000001111011011111110011000
0001110010001111111011111111011000000111101100111111101110000011111000011111110111111110111111101110
0000011000000111111101110000001111111111110000011111111111111100111111001110000011110000011111110111
1111001111111011111010011100000101111111111000001111100011111110011110000111110110111111101111111001
1000000111000001110000001111111011101110011000000111000000111111101110000001110000011100000111100000
1110000011110000011111110111000000111000001110000001111011011110110011000000111000001111111101111111
0111111100111111101111111101100000011110000011000000111101100110000001111111011111110011000000111111
1001110000011111111111111100111111101110000001111011011111110110000001111111111111110011111110111111
1101100000011100000011000000111111101111111101100000011100000011000000111000000111000001111111001100
0000111111101110000001111111011100000011000000111111100111111101111101011100000011111110111100000111
1000011101111011100000111111111111000001110000011110000011111111111000000111111101110000011111011011
0000001110000001100000011111110011000000111100001111111001111111011100000011111110111111101111000001
1110000111101100110000001111111101111101111110000011111111111110001110000001111101111100000011000000
1111111001100000011110110111000000111000001111000001111111011111111111000000111111111010000001111111
1111111100110000001110000001110000011111111111000000111000001111000001100000011111110010111100000111
1100011111110011111110111111101111000001111000011111110011111110111000000111111101111111001100000011
1111101110000001111101011111110011111110111000000111101101111000001100000011100000011111110111111111
1100000011100000111111110110000001110000011100000011000000111000000110000001110000001100000011100000
0111111001111111011100000011111110101100000111111111111101111100101111111111100000011111110111111101
1100000011100000111100000110000001111111111111111011111110111000000111000001111111001111110011100000
0110000001110000001100000011111110111000000111101111110000001111101011111110111111100111111101110000
0011110111111111110111101101111000011111000011110000111111110111111100111111111001111111011111111011
0000001110000001111111111111111111111110110000001111000001110000011100000011111110111000000111111111
1110000011100000111000001111111101100000011100000011111110111100000111110001111000011110000011111110
1110111001100000011100000011000000111000000110000001111011001111111111111110111100000111100001111111
0011100000111110100111111111111011001100000011110110111111110111101101110111001111111011111111111000
0001111111111110000011110110111100000111100001110000001100000011110110011111110111000001110000001111
0110111111110111110111111111001111110011100000111111100110000001110000001100000011111010011000000111
1000011110000011000111001111110111011000000111111101111000001111111111100000011000000111111100110000
0011111110111111100110000001110000001111111011100000011100000111111111110111001111101011101110011111
1111110000001111011111111110111000000111110101111011001100000011110000111111110111101111110000001110
0000111111100111111111111011101111111011100000111100000111110101110000001110000011110000011000000111
1000001111111111110000011000000111111101111000001100000011100000011100000111000000111110101110000001
1111110111000001111101101100000011110000011111110101000000111111101111111011100000011110000111111100
1111111111111111011111110111110100111111101111111011100000011100000111000000110000001110000001100000
0111000000111100001100000011111111111110110111110100111101101110000001111110011110000111111111111111
1011101111011111110111011100110000001110000001111000011110111111111111110000001110000001110000011111
1100111111111111111011111010011100000111111111111111101111111001111111011111110111000000111000001111
0000011110111111100000110000001111000011111010011101000000000000000000000010011011101111000000000000
0000000000000000000000000000000011000000000000000000000000000000000000000000000000000000000000000000
0000000000000000000000000000000000000000000000000000000000000000000000000000000000000000000000000000
0000000000000000000000000000000000000000000000000000000000000000000000000000000000000000001000000000
0000000000000000000000000000000000000000000000000000000000000000000000000000000000000000000000000000
0000000000000000000000000000000000000000000000000000000000001000000000000000000000000000000000000000
0000000000000000000000000000000000000000000000000000000000000000000000010010000000000000000000000000
0000000000000000000000000000000000000000000000001110000000000000000000000000000000000000000000000000
0000000000000000000000000000000000000000000000000000000000000000000000000000000000000000000000000000
0000000000000000000000000000000000000000000000000000000000000000000000000000000000000000000000000000
0000000000000000000000000000000000000000000011100000000000000000000000000000000000000000000000000000
0000000000000000000000000000000000000000000000000000000000000000000000000000000000000000000000000000
0000000000000000000000000000000000000000000000000000000000000000000000000000000000000000000000000000
0000000000000000000000000000000000000000000000000000000000000000000000000000000000000000000000000000
0000000000000000000000000000000000000000000000000000000000000000000000000000000000000000000000000000
0000000000000000000000000000000000000000000000000000000000000000000000000000000000000000000000000000
0000000000000000000000000000000000000000000000000000010000000000000000000000000000000000000000000000
0000000000000000000000000000000000000000000000000000000000000000000000000000000000000000000000000000
0000000000000000000000000000000000000000000000000000000000000000000000000000000000000000000000000000
0000000000000000000000000000000000000000000000000000000000000000000000000000000000000000000000000000
0000000000000000000000000000000000000000000000000000000000000000000000000000000000000000000000000000
0000000000000000000000000000000000000000000000000000000000000000000000000000000000000000000000000000
0000000000000000000000000000000000000000000000000000000000000000000000000000000000000000000000000000
0000000000000000000000000000000000000000000000000000000000000000000000000000000000000000000000000000
0000000000000000000000000000000000000000000000000000000000000000000000000000000000000000000000000000
0000000000000000000000000000000000000000000000000000000000000000000000000000000000000000000000000000
0000000000000000000000000000000000000000000000000000000000000000000000000000000000000000000000000000
0000000000000000000000000000000000000000000000000000000000000000000000000000000000000000000000000000
0000000000000000000000000000000000000000000000000000000000000000000000000000000000000000000000000000
0000000000000000000000000000000000000000000000000000000000000000000000000000000000000000000000000000
0000000000000000000000000000000000000000000000000000000000000000000000000000000000000000000000000000
0110111000000000000000000000000000000000000000000000100000000000000000000000000000000000000000000000
0000000000011001000000111000000000000000000000000000000000000000000000000000000000000000000000000000
0000001000000000000000000000000000000000000000000000000000000000000000000000000011100000000000011000
0000000000000000000000000000000000110000000000001110000000000000000000000000000000000000000000000000
0000000000000000000000000000000000000000000000000000000000000000010111000000000100000000000000010000
0000000000000001000000100000011000000000000000010000000110111111010000111100100000000000000000000000
0000100000011011110100000000011000000000011000000100000011101111111011110011110100000000000000000000
0011111111100111000001111111111111110011100000111011110111111101110000001111110011110000111111100111
0000011101110011111111111111100111000001110000011111110011111111111111110110000001111100011111110011
1111101111111001111110011100000111100000111111101111111001100000011111110011000000111000000111111001
1100000111111100111000001111111101100000011111110011111100111100000111111111111111011111111011111111
1110000001100000011100000011100000111111101110000001111111011101110011000000111111101110000001110000
0111111100110000001111000001100000011100000011111110111111101111111001110000011111110011111111111100
0011111110011111111111000000111111101110000001111110011110000111111110110000001111111001100000011111
1100110000001110000011111110011111110111011110111111101111111001100000011100000011111100111111101111
0000011111110111000000111111001111000011100000011111110111000000111000001111111001100000011110000011
1111001111111011111111011111100111111100110000001111111101100000011111111111000000111111111110000001
1000000111000000110000001110000001111110011111111111011100111111001111000011111111111111111111111101
1111111011000000111111111111111001100000011111111011111111111100000111111101111000011100000011000000
1111111001100000011100000011111100111000001111111001111111111100000011100000111000000110000001111111
0011111110111111101110000001111111011110000011111000111000000111111001110000001111111011111110000001
0111000001110111001111111011110000011111100111100001111111001110000011110000011111100111111101110000
0011110000111111100111000001111000001111111011111111111000000111000001111111001111111011100000111110
0001111000011111111111111111111000000111111101110000001100000011111111111111100111111101110000001110
0000111111100111111111110000001100000011111110011111100111111111110000001100000011100000011111100111
0000011111110011110000111111100111000001111000001100000011100000011111100111111101111111101100100111
0000011111110011101110111000000111111101110000001111111111110111100000111000001111111101111110011111
1101111111001111111111110000111100001110111001111111011110000011000000111000000111111001111000011111
1100111111111111111001100000011110000111000000111111101111000001110000011100000011111100111111111111
0000011111110111111110110000001110111001111110011111110011000000111111111110000001111111111100000011
1111101110000001111110011111111111011100111111101111000011111000011111111111100000111111111110000001
1000000111100000111111101111111011100000011111110111100000111100001110000001110000011111111111100000
1111111111110000011111111111111111111111001100000011100000011111110111111110110000001110000011111110
0111111101111111001111110011100000111111100111111101111111101100000011111110111000000111110001111111
0011111110111011100110000001110000001100000011110000111111100111000001110000001111000011100000011100
0001111111001100000011111110011111100111000001111111001111111111101110011100000111100001110000001110
0000011111110110000001111110001100000011111110011111111111011100111111001111000001111000011100000011
1111001111111011100000011100000111000000111111101111111001111110011111110111000000111111111110000001
1111100110000001110000001110000011111110011111100111100001111111001111111011111111011000000111100000
1111111011110000011000000111100001111111001100000011110000011111110111111100111111001111111001100000
0111000001111111001111110011111110011000000111000001111111001111111001111110011111000111111100110000
0011100000011000100111000000111000001110000001110000011111110111111111111000001111111101111111011111
1100111111111111111101111110011111110111000000111111111111111001111110011100000111111100110000001111
1111011111110111000000110000001111101011100000011100000111100000111000001110000001110000011111110011
1111111111111001111111011000000111111100111111111111111001100000011110000011000000111111101111000001
1110000111111100111111001111111001111110011110000111000000111111111110000001100000011111110111111100
1111111011101111011000000111100000111111101111111101111110011111110111111100111000001111000001110000
0111000000111111001111111111111110011100000111100000111100001110111111011100000011100000111000000111
1000011100000011000000111111100111000001111111011111110011111110111000000110000001111111001100000011
1111100110000001110000011111110011111110111100000110000001111111111100000011100000111100000111111111
1101111011111100111111101111111111110000011111110011100000111111100110000001111111101110000010100000
0111111101111111011100000011110000111100000110000001110000001110000011111110011111100111111101111000
0011111110111000000110000001111111011111111011111110111111100111111111110111001100000011111110011111
1001111111011111110011111110111100000111111001111111111111110011111111111000000111111101111111001100
0000111111100111000001111111001111110011100000011111100111111101111000001100000011100000011111110111
0000001111111011100000011111100111111101110000001111111111101110011111100111000000111000001110000001
1000000111111101111111101110000011111111011111110111000000111111001111111101111110011100000011000000
1111000011111111011111111111111100111111111111111001111110011100000111111100111111111110111001111110
0111000000111111001111111111100000011111111110000001110000011111111011111110111100000111111111111111
0011000000111111100111111001111000011111110011111110111000000111000001110000001110000011100000111000
0001111000011111111111111111111111100111111001111111011110000011111110111011100111000001111000001111
1110111100000111100001111000011111110011100000111111100111011001111111111111111111100000011111110111
1111111111110011111111111000000111111111111111011100000011110000111000000111000001111111111111111111
1000001110000001111111011100000011110000111111100111000001111000011111110011110000111111100111111101
1100000011000000111000000111111001110000011111111011000000111111110111111111110000001100000011110000
1111111101111111011111110011111111111000000110000001111111011111110011110000111111000111100001110000
0011000000111111100111111001111111111101110011100000111111100111111101011111001111111011111110111111
1111111000011110000011111100111100001110000001111111011110000011111000111111110110000001111110001111
1110111111111000000111111101111111001111000011111000011111100111000001110000001100000011100000011111
1001111000001100000011100000011100000111111101110111001111111011100000011000000111000000110000001111
1110111100000111111101110000001100000011111110011000000111111101111111001100000011110000011000000111
0111001110000011111111011101100111000000111111101111111011101110011111100111000000110000001110000011
1100000111111101110000001110000011100000011111110111111111111111001111111011111111011111110111100000
1111000011111110111111111110000001110000001110000011111110011000000111111100110000001110000001111110
0111110011000000111000000111111101111000001111111011111110011111100111111111110000001111111011111110
0110000001111111011100000011111000111111100110000001111000001111110011111110111111110110000001110000
0011111110111111100111111101111111011100000011111111111100000111100001111111101111111111100000011111
1111110000011110000011111110111111100111000001111000001111110011111110111111100111111111111000001111
1100111100001111111101111111011111110011000000111000000110000001111111111100000011100000111100000111
0000011100000011111100111111100111000001111000011111110011111110111000000111111001111111111100000011
1111001111111001111111011111110011000000111000000111111101100000011111110011100000111111100111111111
1111110011000000111000001111111001111111011111110011111100111100001111111101110000011110000011111110
1110000001111111011111110011111100111100001110000001100000011101110011111100111000001111100001111111
0111000000111100001110000001100000011100000011000000111111101110000001111000001100000011111110111111
1001110000011100000011111110111111110111111101111111011111110011000000111000000111000001111111001100
0000111111101111111011100000111111100111000001110111001111111011111110011000000111111100111000001111
1110111000000111111101111111001111110011111111011100000111100001110000001111111011111110011000000111
1000001100000011100000011000000111111100110000001111111011100000011111110111000000111000001111111001
1111110111111101110000001111101111111000000111000000111111001110000011111110011000000111100000110000
0011111111011000000111111101110000001111111111100000011100000111100000111111101110000011111000011111
1111111111001110000011111110011111100111000001110000001111111011110000011111110111111100110000001111
1110111100000110000001111111001100000011100000011111110111000000111111001111000011100000011100000111
1111001111111111111000011111111111000001110111001111111011100000011000000111000000111111101110000001
1000000111100001111100001111111011111110011000000111100000111111001111111001111110011100000111100000
1111111111111111011000000111111101111111101100000011111110011110000111111100111110001111111011100000
0111000001111101011110000011110000111100000110001001111000111111110011101100111111110111000001111111
0111000000111000001111111111100000011111010111111100111000001111000001111111011111110111111100111111
1011111111011111110111111100110000001111000011100000011100000111000000110000001110000001100000011100
0001111111101111111111111111111111100110000001111100000000000000000000000000000000000000000000000000
0000000000000000000000000000000000000000000000000000000000000000000000000000000000000000000000000000
0000000000000000000000000000000000000000000000000000000000000000000000000000000000000000000000000000
0000000000000000000000000000000000000000000000000000000000000000000000000000000000000000000000000000
0000000000000000000000000000000000000000000000000000000000000000000000000000000000000000000000000000
0000000000000000000000000000000000000000000000000000000000000000000000000000000000000000000000000000
0000000000000000000000000000000000000000000000000000000000000000000000000000000000000000000000000000
0000000000000000000000000000000000000000000000000000000000000000000000000000000000000000000000000000
0000000000000000000000000000000000000000000000000000000000000000000000000000000000000000000000000000
0000000000000000000000000000000000000000000000000000000000000000000000000000000000000000000000000000
0000000000000000000000000000000000000000000000000000000000000000000000000000000000000000000000000000
0000000000000000000000000000000000000000000000000000000000000000000000000000000000000000000000000000
0000000000000000000000000000000000000000000000000000000000000000000000000000000000000000000000000000
0000000000000000000000000000000000000000000000000000000000000000000000000000000000000000000000000000
0000000000000000000000000000000000000000000000000000000000000000000000000000000000000000000000000000
0000000000110000000000000000000000000000000000000000000000000000000000000000000000000000000000000000
0000000000000000000000000000000000000000000000000000000000000000000000000000000000000000000000000000
0000000000000000000000000000000000000000000000000000000000000000000000000000000000000000000000000000
0000000000000000000000000000000000000000000000000000000000000000000000000000000000000000000000000000
0000000000000000000000000000000000000000000000000000000000000000000000000000000000000000000000000000
0000000000000000000000000000000000000000000000000000000000000000000100000000000000000000000000000000
0000000000000000000000000000000000000000000000000000000000000000000000000000000000000000000000000000
0000000000000000000000000000000000000000000000000000000000000000000000000000000000000000000000000000
0000000000000000000000000000000000000000000000000000000000000000000000000000000000000000000000000000
0000000000000000000000000000000000000000000000000000000000000000000000000000000000000000000000000000
0000000000000000000000000000000000000000000000000000000000000000000000000000000000000000000000000000
0000110000000000000000000000000000000000000000000000000000001000000000000000000000001100000000000000
0000000000000000000000000000000000000000000000000000000000000000000000000000000000000000000000010000
0000000000000000110000000000000000000000011000000000000000000000100000000110000000000000110000000110
0000011000000000000000000000000000110000000000000000000000000000000000000000000000000000000001100110
0000000000000000000000000000001000000000000000000000000110000000000000000000000000100000000000000000
0000000000000000111001100000000000000000000000000000000000000000000000000000000000000000000000000000
0000000000000000000000000000000001100000001110000000000000000000000000000000000000000000000000000000
0000000000000000000000000000000000000000000001100000000001100000000000000000000000000000000000000000
0000000000000000000000000000000000000000000000000000000000000000000000000000000000000000000000000000
0000000111000000000000110000100000000000000000000000000000001100000000000111100000000000000000000000
0000000000000000000000000000000000000000000000000000000000000000000000000000000000000000000000000000
0000000000000000000000000000000000000000000000000000000000000000000000000000000000000000000000000000
0000000000000000000000000000000001000000000000000000000000000000000000000000000000000000000000000000
0000000000000000000000000000000000000000000000000000000000000000000000000000000000000000000000000000
0110000000000000000000000000000000000000000000000000000000000000000000000000000000000000000000000000
0000000000000000000000000000000000000000000000000000000000000000000000000000000000000000000000000000
0000000000000000000000000000000000000000000000000000000000000000000000000000000000000000000000000000
0000000000000000000000000000000000000000000000000000000000000000000000000000000000000000000000000000
0000000000000000000000000000000000000000000000000000000000000000000000000000000000000000000000000000
0000000000000000000000000000000000000000000000000000000000000000000000000000000000000000000000000000
0000000000000000000000000000000000000000000000000000000000000000000000000000000000000000000000000000
0000000000000000000000000000000000000000000000000000000000000000000000000000000000000000000000000000
0000000000000000000000000000000000000000000000000000000000000000000000000000000000000000000000000000
0000000000000000000000000000000000000000000000000000000000000000000000000000000000000000000000000000
0000000000000000000000000000000000000000000000000000000000000000000000000000000000000000000000000000
0000000000000000000000000000000000000000000000000000000000000000000000000000000000000000000000000000
0000000000000000000000000000000000000000000000000000000000000000000000000000000000000000000000000000
0000000000000000000000000000000000000000000000000000000000000000000000000000000000000000000000000000
0000000000000000000000000000000000000000000000000000000000000000000000000000000000000000000000000000
0000000000000000000000000000000000000000000000000000000000000000000000000000000000000000000000000000
0000000000000000000000000000000000000000000000000000000000000000000000000000000000000000000000000000
0000000000000000000000000000000000000000000000000000000000000000000000000000000000000000000000000000
0000000000000000000000000000000000000000000000000000000000000000000000000000000000000000000000000000
0000000000000000000000000000000000000000000000000000000000000000000000000000000000000000000000000000
0000000010000111110111111111101111111011111110011111110111000001111111001110000011111110011100000111
1111001100000011100000111000000111000001111000001111111011111111011111110111111100110000001111111011
1111110111111111111111001110000011111110011111111111000001111101001111111011100000011111110111000000
1110000011110000011111110111100001110000001111011110100000011111111111111111110000001110000011100000
0111000001111111001111111011111111111100000111111111110000001100000011100000011111110111000001111111
0011111110111100000111111001111111011100000011110111111100000111111111110000001100000011111110011110
1101110000011110000011111111111000000110000001111111101111111011100000011100000111111111111111101111
0000011000000111110000111111111111111001100000011111111011000000111100001110111001111111011111110011
0000001110000001111111111111111111000000111000001111111001111111011111111011000000111000000110000001
1111111011000000111111111110000001111111011100000011000000111000000110000001111111011111110011111110
1110000001100000011100000011111110111111101110000001111111111100000011111110111100101111000011110000
1111101001111011011111111011110100111111100111111101100000011111010011000000111111100111111101111111
1111110100111100001111101001111111111100000011111110111111111110000001110000011111010011100000111111
1101111111111100000011000000111000001111000001111111111100000011100000111111111111111101111111000000
1011111110111110100111111101110000001111111011110110111000000111111101111111101111011111110000011111
1111111111101111110011110000111111110111111101111000001111111111111110011100000101100000111111001111
1110111111100110000001110111001111011011100000111000000111111111111111001110000011111111011000000111
1111011110000011111110111111100111101101111000001111111011111111111111010111111101111000001111111011
1000000111000001110000001111000011111110011100000111000001111101101111111011110000011111111111000000
1100000011111110111000000111111101110111001100000011111110011000000111110000110000001110000001100000
0111100000110000001111111011100000011111111111111011011111110111000000111110101110000001111011011100
0001111111101100000011111110011000000111111111010000001111000011111111111111110111100001111111111111
0110111010100111111101111111001111111011111110111111110110000001111111001110000011100000011110110111
0000001111110011111111111000000111111101111111111100000011110110111011100110000001111111001111111011
1111101111111001111111011100000011000000111000001111000001111111111101111011111110111011110110000001
1100000011000000111111101110000001110000011111111011111110111110100111000001111000011100000011111110
1110000001100000011111111011110110111111101111111001100000011100000011000000111000000111111101111111
1111111100111111111111111001110000010111110011000000111101100110000001110000011110000011111111111110
1001111111111101110011110110111111110110000001111111001111010011111111111000000110000001110000001100
0000111000001111111101100000011100000011000000111000000111111101111011011100000011100000111000000110
0000011111110011000000111111110111111111111000011110000011000000111000000111111101110000001111111111
1000000110001011100000011000000111000000110000001111111001110000011110000111000000110000001111111001
1110110111000000111000001011000001111110011111110111111100111000001111111101111111111100000011100000
1011111101100000011111010111111110110000001111111001110000011111111011111111111000001111000001110000
0111000000111000001111000001100110011111110011111110111000000111111001111111011100000011111110111000
0001100000011111111011110110111000001111111001110000011111111011110110111111100110000001111111011111
0000111000001111111101111111011100000011111111110000001111101111110000011110000011110000111111100110
0000011100000111000000111000001111100001111111011111111011000000111110000111101001111111011111111011
0000001111111001111111011100000011111100111000000110000001111111011111010011000000111000000111111101
0111111111000000111000001111000001110000011100000011111111111100000111000001111000001100000011111000
1110000001110000011111110011111110111000000111101101110000001111111011111110111001010111000000111100
1111111010111000000111000001110000001111111011100000011111010111000000111111101111111111100000011111
1101110101001111111011100000011000000111000000111000001111111101111110011110000111111100111111101110
0000011111110111111110011110010111000000111000001111111111111110011100000111100000111000001110000001
1000000111111111111111111111111011101010011111001001111111111101011001111111011111101111101111111100
0001111000011111110011000000111000000111111101110000001100000011100101111000001100000011111110011000
0001111111111111111011111110111100000111110001110000001100000011110111011000000111111110111111001111
1110111101100111101101111111101111010011110000111111110110000001111111001111111111111110011111110111
1111001100000011111111111111100111111101110111001111111011111110011111110111101100101111101001111011
0111101101111111001111111011111110011111011111111110111111101111111011111110011000000111000000110000
0011110110011111110111111111110111001111011111100000011110100111100000111111101111111111111110011111
1111110000001100000011100000011000000111100001111101101111111011111110011000000111000000111111101111
0000111110100111101101110000001111111111100000111111100111111111110000001111111011100000011000000111
1000011110000011111110111011100111111101110000001100000011111111111000000111100001111111001111111011
1000000111111101111011011100000011111111111100000111100001111111101111011011100000011111111111111101
1111110011111110111111100111111101101110000011100000011000000111111100111110101111111001100000011111
0100111000001011111001110000011111111111011100111111111111000001111111111100000011000000111000000110
0000011100000111100000111000001111111001100000011111110011000000111111100110000001111111011110000011
0000001110101001110000011110000011000000111100000111111001111111111110000011111110111100000110000001
1110000011111111111000000111111001110000001111111011111010111000000111111111111111101100000011100000
0110000001110000001100000011111110111000000111000001110000001111000011110000011000000111000000111000
0011111111011000000111111101110000001111111011111110011000000111000000110000001110000001111111011111
1101111111001100000011100000011000000111000000110000001111111011110000011111111111000000111110101110
0000011111100111111101111111001100000011100000011100000111000000110000001110000001100000011110110111
1000001111111011100000011111110111111110110000001111111011111110011111011111110100110000001111011101
1000000111000001111101001100000011111010011111100111000001111000001111111011111110011111110111111111
1100000011001001100000011000000111111110111101101111111111100000011100000111111110111101101111111001
1000000111111101110000001111000011110000011000000111110100111111101110000001111111011110110111110100
1100000011100000011111110111000000110000001111011011111111011100000111000000110000001110000001111111
0111000000111111101110001111100110000001110000011111110011111110111110100110000001110000001111111111
1000000110000001111111011110000011110000111000000111111101111101001111111111100000011110000111000001
1100000011000000111100000110000001110000001111111011100000011111111111111100111111101111000011101110
0110000001110000001100000011100000011000000111000001110000001100000011100000011100000111111100111000
0011111110111111110110000001111111001111011011111110011111110111000000111111001111111011100000011111
1101110000001100000011100000011111100111111101110000001110000011111110011000000111111100111110101111
1110111000000111000001110111001100000011110000011000000111110101111101001100011110010111101100110000
0011111111111000000111111101111111001100000011111111111111010111000001110000001111111111100000011110
1101111111001100000011111110011111110110000001111111001111111111110000011000000111000000110000001111
0000111110000110000001111111001100000011100000011111111111111111111000001111111011101110011000000111
1111001100000011111110111111110111101101110000001111111111110111111100000111110111111101001100000011
1000000110000001111111101100000011111010011000000111100001111101101110000011100000011100000111100000
1111101111110110111000000111111101110111001100000011111110011111110111000001111111001100000011110000
0111000001111000001111111011110000011111111111111101111111101100000011111110011100000111101110111111
0011100000111111100111111101110000001111111011100000011111110111111101110000001111111011111110011111
1111111000001111111111110000111111100111000001111101111111011111110000011111010111000000110000001111
0110111000000111111101110000001111011011111010011000000111000001111111001100000011100000011000000111
1011001100000011110000111111110110000001111101011111110011110110111111110111101001111111011110000011
1000001110000001100000011100000011111110111101101110000001111111011100000011000000111000001111000001
1111000111111110110000001111111001111110011111111011111100111100001011000001100000011100000111000000
1111111110101010011100000111111100110000001111111001111100111111101110011110110111000000111111001110
0000111111110111111101111000001100000011111110111100000111100001110000001111111011111110011111110111
1011011100000011111111111000000110000001110000001111101011100000111100000111100001110000001100000011
1011100111111101110000001110000011110000011111000111100001110000001111111111110000011100000111100000
1100000011100000011111110111111100110000001110000001100000011111110111011100110000001111000001100000
0111000000110000001111111011110000011100000111111100111111101111111101111011011100000011000000111000
0001100000011100000011000000111000001111111101110000011110000011111111111000000111111101111111101111
1110111011000000000000000000001000000000000000000000000000000000000000000000000000000000000100000000
0000000011000000000000000000001000100000000110000000010000000000000000000000000000000000010000000001
1000000000010000000000001100000000000010001000000000001100001000010001000011110000001110000000111011
1000000000001010000000001000010011000000000000000000000011000000101100000000000000000000010000000001
0000000000110000000000000000000000000000000000000000000000000000000000000000000000000000000000000000
0000000000000000000000000000000000000000000000000000000000000000000000000000000000000000000000000000
0000000000000000000000000000000000000000000000000000000000000000000000000000000000000000000000000000
0000000000000000000000000000000000000000000000000000000000000000000000000000000000000000000000000000
0000000000000000000000000000000000000000000000000000000000000000000000000000000000000000000000000000
0000000000000000000000000000000000000000000000000000000000000000000000000000000000000000000000000000
1000000000000000011000000000000000001100000000000000000000000000000000000000000000000000000000000000
0000000000000000000000000011000000100000000100000000000000000000000001100000000000000000000110000000
0100000000000000111000000100000000000000000000010000000000000000000000000000000000000100000000000000
0000000000100000000000000000000000000000000000000000000000000000000000000000000000000000000010000000
0000000000000000000000000000000000000000000000000000000000000000000111000000111100011100000011101000
0000000000000000000000000000000000000000000110000000000000111000000000000000000110000000000000000000
0000000000000000011100000000000000011100000000000000000000000000000000000000000000000111000000000000
0000000000000000000000000000000011100000000000000000000000000000000000000000000000000000000000000000
0000000000000000000000000000000000000000000000000000000000000000000000000000000000000000000000000000
0111011000000000000000000000000001110000000000011100000000000000000000110000000000000000000000000000
0000000000000000000000000000000000000000000000000000000000000000000000000000000000000000000000000000
0000000000000000000000000000000000000000000000000000000000000000000000000000000000000000000000000000
0000000000000000000000000000000000000000000000000000000000000000000000000000000000000000000000000000
0000000000000000000000000000000000000000000000000000000000000000000000000000000000000000000000000000
0000000000000000000000000000000000000000000000000000000000000000000000000000000000000000000000000000
0000000000000000000000100000000000000000000000000000000000000000000000000000000000000000000000000000
0000000000000000000000000000000000000000000000000000000000000000000000000000000000000000000000000000
0000000000000000000000000000000000000000000000000000000000000000000000000000000000000000000000000000
0000000000000000000000000000000000000000000000000000000000000000000000000000000000000000000000000000
0000000000000000000000000000000000000000000000000000000000000000000000000000000000000000000000000000
0000000000000000000000000000000000000000000000000000000000000000000000000000000000000000000000000000
0000000000000000000000000000000000000000000000000000000000000000000000000000000000000000000001100011
1000000000000011000000000100001111111000000000000000000000001100000000010001111010110111001000100001
1100011111100010000000000000000000000000000000000000000000000001100000000011000010010011110000000000
0000001101010100010111101100000000000000000000000000000000110011101010000000011101000000000101101101
0110111001001010000000000000000000000000000000000000000000110000000100000000000000000000000000000000
0000000000000000000000000000000000000000000000000000000000000000000000000000000000000000000000000000
0000000000000000000000000000000000000000000000000000000000000000000100000000000000000000000000000000
0000000000000000000000000000000000000000000000000000000000000000000100000000000000000000000000000000
0000000000000000000000000000000000000000000000000000000000000000000000000000000000000000000000000000
0000000000000000000000000000000000000000000000000111100000000010000000000000000100000000000001000111
0111001100001111000100011100000000110000000000010011011100010011111110011110101101100011111111111111
1000000001000011110001101110000101111111111010000010000000001111001111110101000001111000000000000000
0000000000000000000000000110000001110111111111100000111110000010010101101111111011010100110000010000
0100110111000001011100111111110011011110000000000000000000000000000000000000000000000000000000000000
0000000000000000001101100000011111111011111110111000000111111101110000011111111011100000111011110111
1111011111111111000000111111101110111001111111111111110111000000111111101111000001111000011100000011
1000001111111111111000011111111101111111101110000011111110111000000110000001111111101100000011111111
1111111101110000011111110011000000111100000110000001110000011111000011000000111000000111111101110000
0011111110111111101110000001111111011100000111111110111101110111111110011000000111000000111000001111
1110111111100111111111111000001111111110111000011111100111001011111001110111110011101111011111110111
0000011100001011111110111100000110100001110010011110000011111110111110000110000001111111001111111011
1111100110000001111111001100011011100111000001111111101111111111110000111011110111111101111000001110
0111011111111011100000111111100111111111010111001110000011111110011000000111111101110111101110000111
1000000111000011111111111111111111101110011000000111111111111000001111111110111111011000110111100001
1111111011111110111000000111111101110111011111111011111110111111111111000001110000001111111111100000
1111111110000000111000000111111101111111011111111011111110111000111111000001111100011111110011111110
1110000001111111111111110011111110110000001110000001110000011110000011111111111000001110000001110000
0111111100111111111111111101100001111111111111011100111111111111111111111110011111000111000000110000
0011111111111111110111000000111111111110000001111111111100000011000000111111111111111111111101011101
1110111111101110000011111011111100000011111101111111111111111111111111111111111111111111111111111111
1111111111111111111111111111111111111111111111111111111111111111111111111111111001111111101111111111
1111111111000001110000011110000011111100111111111111111001111111111110011100000011111110111111101111
1110011110000111111100110000001111111001111110011111110101011100111111001110000001100000011100000011
1111001110000011111111111100000111111100111111101110000001111111011100000111111110110000001110111001
1000000111111100110000001111111001100000011100000011111110111111101110000001111111111111110011111110
1111111001111110011111110111111110111111101110000001111111011110000011000000111111101110000001111111
1111101100111100001111111001111110011100000011111110111110101110000001111111011111110011111111111111
1001111111011111100000011100000011000000111111111111111101111111011111110011000000111100000110000001
1111110011000000111000001111111101111111011111110011000000111100000110000001111111011100000011111000
1111011001111111111111110011111111111000000111000001111000011100000011111110111111100111111101111111
0011111111111100001111111110101110000011111110011100000111100000110000001111111001111111111111111111
1111001111111111101110011100000111111101111111001111111011100000011100000111000000111000001110000001
1111100111000001110000001110000011100000011111110111111100110000001111000001100000011100000011111110
1110000011111110011111110111000000110000001110000001100000011111110111000000111111111111000001100000
0111000000110000001110000001100000011111110111000000111100001111000001100000011111110011111110111100
0001100000011110000011111100111111101111111001100000011111110011111111111100001110000001111111011110
0000111111101111111001100000011111110011100000111111111110111001100000011100001100000111111111111100
0011111110111111100111111101110000001110000011111110011000000111111101111000001111000011111111011111
1001110000001100000011111110011000011000111111101110000001111111011100000011111100111111101110000001
1111110111111100111111001111000011110000011100000111110000111111111111111001100000011111110111111100
1100000011101110011111100111111101110000001111000011110000011111100111111100111111001111111011111111
0111111101111000001111111011111110011111110111111111110000001111111111111110011000000111111110110000
0011100000011111100111111101110000001111111011111110111000000111111101110111001100000011111110111111
1001100000011100000011000000111000000110000001110000001100000011111110111111100111111101110111001111
1111111000000111111001111111100011000011111111110011000000111000000110000001111101001100000011111110
1110000001111111011101110011000000111011100111111001111111111111110011100000111111100111111101111000
0011000000111000000110000001111111011111110011000000111100000111111001110000001110000011111110111000
0001111000011111110011110000111111110111111001111000100001010000011100000011111110111000000111111101
1110000011111111111111100111000001111100011100000011111110111111100111111101111111001100000011100000
1111111001111111011100000011100000111000000111000001111000001111110011111110111111100111111101110000
0011111110111111100111111001111111011111110011111111111000000110000001111111001100000011110000111111
1001100000011110000011111100111000000111110001111111011100000011111110111111100111111001110000001100
0000111100001110000001111111011100000011111110111111110110111101111111011101110011111111111111100110
0000011111110011100000111111111111111001111111011111110011111110111000000111111001111111111111111011
1111111111111110011100000111111110111111011110000001100000011111111111000000111000001110000001111110
0111111110111000001110000001100000011101100110000000000000111111101110111101111111111110000111000000
1100000011100000011111111111000010111111101110000001100000011111110111100110111111111111111001110000
0111100001111000001111111011110000011111110111111100111100001111111011111110011111110111011100110001
1111100000011000000111100001110111101100000011100000011100000111111100111111001111111011101110011111
1101111111001110000011100000111111100111111101110000001100000011100000011111100111100111111111111111
1100111000000111111101111111101111111011100000011000000111111101110000001111111011111111111111110111
0111001100000011111110111111110110000001111111001110000011111110111111110111000001111000001101111111
0111111100110000001111111111111110011111111111011100111111101111111001100000011111111011100000111111
1011110000011000000111000000111000001111111011111110011110000111110000111111101111111001111110011111
1111110111001100000011111110011000000111000000110000001111111011100000011000000111000000111000001111
1111011000000111000000111111001111111011100000011100000111100000110000011100000111111001111111011110
0000111111101111111111111111011111111111111100111111101110000001111111111111110011000000111110000111
1110011111111111000000111111111111111001111111011111111011000000111000000110000001111111011111111011
0000001111111001111111011111110011111100111000001111111101111111111100000011111110111111000100110000
0011110000111100000111111101110000001111111011111110011111100111111101111000001110000011111110011100
0001111111001111110011100000111111100110000001110000001111111011111111011111111111111101111111001100
0000111000000110000001111111001111110011000000111000000110000001110111001110000011111110011000000111
1111001111111011111000111111100111111101111111101111110011111111111011100110000001111111001100000011
1111111111111101111111011100000011111111111111110111111001111111111110000011110000111100000111111101
1111110011100000111111111111111001110000011100000011000000111000000110000001111000001100000011111111
1111111001111111011111111011000000111111011101110011111110111111101110000001111111111111110111001111
1110111111100110000001111000001111111111100000011111100111000001111100001111000011100000011111110111
1111001100000011111111111000000111111101110111001100000011111110011111100111111101111111001110000011
1100000110000001111111001111110011110000111111110111111101111111001100000011111110011111110111000000
1111110011111110111000000111111101110000001111111111100000011111100111111100110000001110000011111110
0111111111110000001111111011110000011110000111111100111111001111111011100000011111110111111100110000
0011111111011000000111100001111111001111111111100000011111110111000000111111001111000011100000011100
0001111111101110000011100000011000000111111100110000001111111011100000011111110111000000110000001111
1110111000000111111101111111001111110011110000111111110111111101110111001100000011111110011111100111
1111011100000011111110111111100111111101111111001100000011111110011111110111000001111000001111111011
1000000111111001111111011111100110000001111111001100000011111110111100000111100001111111101100000011
1111101111111001100000011100000011111110111000000111000001111111001111110011111110111011100111111111
1100000011111100111111101110000001111111111101110011000000111000000111111001111101001100000011100000
0111111001111111011101110011111100111100100011110000011111110111000000110000001110000001110000011111
0001111111101111000011100000011111111111000000110000001110000011110000011110000111111100110000001111
1111011000000111111111110000001110000011101110011000000111111100111111001110000001100000011111110111
01110011111111111111100111111001111111111101110011000000111000000110000001110000