Samples:
o100000000000000000000000000000000000001100110000000000000000000000000000000000000000000000000000000
0000000000000000000000000000000000000000000000000000000110000001100000000000000000000000000000000000
0000000000000000000000000000000000000000000000000000000000000000000110000000001100000000000000000000
0000000000000000000000000000000000000000000000000000000000000000000000000000000000000000000000000000
0000000000000000000000000000110000000000001100000000000000000000000000000000000001100000000001100000
0000000000000000000000000000000000000000000000000000000000000000000000000000000000000000000000000000
0000000000000000000000000000000000000000000000000000000000000000000000000000000000000000000000000000
0000000000000000000000000000000000000000000000000000000000000000000000000000000000000000000000000000
0000000000000000000000000000000000000000000000000000000000000000000000000000000000000000000000000000
0000000000000000000000000100000000000000000000000000000000000000000000000000000000000000000000000000
0000000000000000000000000000000000000000000000000000000000000000000000000000000000000000000000000000
0000000000000000000000000000000000000000000000000000000000000000000000000000000000000000000000000000
0000000000000000000000000000000000000000000000000000000000000000000000000000000000000000000000000000
0000000000000000000000000000000000000000000000000000000000000000000000000000000000000000000000000000
0000000000000000000000000000000000000000000000000000000000000000000000000000000000000000000000000000
0000000000000000000000000000000000000000100000000000000000000000000000000000000000000000000000000000
0000000000000000000000000000000000000000000000000000000000000000000000000000000000000000000000000000
0000000000000000000000000000000000000000000000000000000000000000000000000000000000000000000000000000
0000000000000000000000000000000000000000000000000000000000000000000000000000000000000000000000000000
0000000000000000000000000000000000000000000000000000000000000000000000000000000000000000000000000000
0000000000000000000000000000000000000000000000000000000000000000000000000000000000000000000000000000
0000000000000000000000000000000000000000000000000000000000000000000000000000000000000000000000000000
0000000000000000000000000000000000000000000000000000000000000000000000000000000000000000000000000000
0000000000000000000000000000000000000000000000000000000000000000000000000000000000000000000000000000
0000000000000000000000000000000000000001110000000000000000000000000000000000000000000000000000000000
0000000000000000000000000000000000000000000000000000000000000000000000000000000000000000000000000000
0000000000000000000000000000000000000000000000000000000000000000000000000000000000000000000000000000
0000000000000000000000000000000000000000000000000000000000000000000000000000000000000000000000000000
0000000000000000000000000000000000000000000000000000000000000000000000000000000000000000000000000000
0000000000000000000000000000000000000000000000000000000000000000000000000000000000000000000000000000
0100000000000000000000000000000000000000000100000000000000001111100010000111000000010000100000000000
0000000000000001110011100000000000001111101011001100000000000000000000000000001111000000000011111101
1001110000000100000000001111000000000000000000000001111000000000000000000000000000111111000000000110
0000000000000000011100001001111111001111110000000000011110000000000000000000000000000000000000000000
0000000001000000001000000000000000000000000000000000000000000000000000000000000000000000000000000000
0000000000000000000000000000000000000000001110000100000000110000000000000000000000000000000000000000
0000000000000000000000001001000000000000000000000000000000000000000000000000000000000000000000000000
0000000000000000000000000000000000000000000000000000000000000000000000000000000000000000000000000000
0000000000000000000000000000000000000000000000000000000000000000000000000000000000000000000000000000
0000000000000000000000000000000000000000000000000000000000000000000000000000000000000000000000000000
0000000000000000000000000000001000000000000100000000000001100000000000000000000001100000000000000000
0001111001111100000000000000000000000000001101111111000011111111000000001110000001110001111110000000
0111000000000000000010111111000010000000000000000000000000000000000000000000000000000000000000000000
0000000000000000000000000000000000000000000000000000000000000000000000000000000000000000000000000000
0000000000000000000000000000000000000000000000000000000000000000000000000000000000000011000000000000
0100000000110000001110000011100000010100000111000000111000001111000011000000011110011111100000111000
0011100000110001100110000001011000001110000011100000111000001101000001110000001101110011000000101100
0001110000011100000110000000111100001110000001110000011000000101000111111110001110000001110000011110
0001111000001010000011110000011100000111000000111110001110110001100000011100000111000000111000001000
0000111100000111110001111000001100000011100000111100110111000001111000001111000011000110011100000111
0000011100000011100011111100000101100001110000010100000010100000111000000111000001110000111101100010
1100001111000001100000011100000011000000111000001110000001111000011000000011000000111000001110000001
1100011101100011111000001110000001100000011110000101100000110000001110000011100000011000000111000000
1110000011100000111000000111110001010000001111000011000000011000000110000001110000001111000011000000
0110000001100000011100000011100000000100000011000000111100000111000001111100001111000011111000101101
1010000000111100001111100111110000011100000011100000111000000110000001110000011100000011100000110000
0001110000011100000111100000101000001110000001110000011000000011000000111100001100000001100000011100
0000111000001011000001111000011100000111100000101100001110000001110000011000000011000000110000001110
0000011100000000100011000000111100001010000001110000011100000011000000111000001010000001110000011100
0000101100001100000001100000011100000111110000110000001010000001110000011100000111110000111100001111
0000010100000101100000111000001010000001100000011100000111000000111100001011000001100000011100000111
0000001110000011100000011100000110000000111000001110000011110000011110000111100001110000001110000011
1000000111000001100000001100000011000000111100000101100001111000001100000010100000011100000111100000
1111000011110000111000000111100001111000001110000011100000011000000111000001111000001110000011100000
0111000001111000011111000000000000000000000000000000000000000110000001100000011000000111110000111100
0011100000011110000111000001110000001110000011100000011000000111100001110000001110000011100000011110
0001010000011100000011100000110000000111100001111000011100000010100000111000000111000001100000001110
0000111100001111000001100000010100000011100000111100001111000001100000011100000011100000110000001110
0000011110000111000000111000001100000011100000011110000111000000110000001111000001110000011110000111
0000001111000011100000011100000111100001111000001110000011100000011100000111000001111000001100000011
1100000111000100000000011000011100000011100000110000001111000001110000011100000011100000110000000111
1000011110000111000000111000001110000001110000011000000011000000110000001110000001110000011110000111
1100001100000010100000011100000110000000111100001110000010100000011110000111100000110000001110000011
1000000111000001110000000000000000011110000101100000111000001100000001100000011100000111000000100000
0011100000011100000111000000111000001100000011100000011100000110000001110000001100000011100000011100
0001110000001100000011100000111000000111000001010000001110000011100000011000000111000001110000001111
0000111000000110000001110000011100000011100000111100000111000001110000001100000011110000111110000111
0000011110000011100000111000001111000001111000011000000011100000101000000111000001110000010100000011
1000001011000001110000011000000101000000111000001111000001110000011000000111100000111000001110000001
1100000111000000110000001111000010100000100000000000000000000000000000000001111000011111000011100000
1110000001110000011000000111100000111000001110000001110000011000000011100000111100001110000001010000
0111000000111000001110000001100000011110000111000000111100001110000001111000011100000111000000111000
0011110000011000000111000001110000001110000011110000011110000111100000101100001110000011000000011110
0001111000001100000010100000011110000111000001111000001111000011110000010100000111000001110000001111
0000111110000111100001110000001100000011100000111100000111000001110000001111000011110000111000000111
0000011110000011000000111000001010000001111000011100000011100000111000001110000001111000011110000011
0000001110000011100000011100000111000000111000001110000001100000011100000111000000111000001111000001
1100000111000001110000001110000011100000011000000111100000111000001110000011100000011000000111000000
1110000011100000111100000111000001110000001110000011000000011110000111000001100000001111000011100000
0111000001110000001110000011100000111000000111000001100000011100000011100000111000000110000001110000
0011100000111000001100000001110000011110000011000000100000000001110000011110000111100001111000000111
0000011000000111000000111000001110000001111000011100000011110000111000001010000001110000011000000101
1000001110000011100000011100000111000001100000001110000010100000011100000111000000110000001110000011
1000000111100001111000001111000011110000111100000111000001111100000000000000000000000010000000000000
0000000000000000000000010011111110111000000100010000110000000000000111111110000011111000011000000000
1101111111100000000000000000000000000000000000000000000110110000001110011111000000000000011100000011
1000001100000011110000011100000110000000110000001100000001100000011100000111000000111000001110000001
1100000110000001111000001100000011100000011100000111100000110000001110000011000000011000000111000001
1110000011000000111100000111000001110000001110000011110000111100000111000001111000001110000011100000
0110000001110000011100000011000000101000000110000001111000001110000000000000000000000000000111000001
1100000010110000111000000111000001100000011100000011000000111000000111000001100000011110000011000000
1111000001110000011100000111100000111000001111100001110000011110000111000000111000001110000001110000
0110000000110000001100000011100000011100000111000000110000001111000011100000011000000111000000111000
0011000000111000000110000001110000000000000000000000000000000000001110000010100000111000001110000001
1100000110000000110000001110000011100000011100000101000000111000001110000001100000011100000111100000
1011000011100000011100000110000001110000001110000011100000010110000111000001111000001110000011100000
0111000001110000001110000011100000111000000000100000011110000101000001011000001110000010110000011100
0001100000011100000011100000110000000111100001111000011100000011000000111000000111000001110000001110
0000111100001111100001110000010100000011100000111000000111100001110000011000000011100000000001111000
0111100000111100001011000001110000011100000011100000111000001111000001110000011000000011000000111000
0011100000011100000111000000111000001110000011100000011100000111000000111000001100000001100000011000
0001110000001110000011000000011110000111100001110000001110000010100000011000000111000000111000001100
0000111100000101100001110000001111000011100000111110000000110000011110000011100000101000000111000001
1110000011100000111000001110000001110000011100000011100000110000001111000001110000011100000011100000
1110000001110000011100000111100000101100001111000001000000011100000011000000111000001110000001100000
0111100001111000001111000011110000011100000111000000110000001110000011100000011100000110000000110000
0011000000101000000111000001110000001111000011100000110000000111100001111100001111000011100000000000
0000001000010000000011000000001110000111000000111111100000011100000111000000111000001100000011100000
0111000001110000001110000011110000011100000111100001110000001110000011000000111100000110000001110000
0011110000111100000100000001100000011110000011100000111000000111000001100000001100000011000000101010
0000000000000000000000000000000111100000111000001110000001100000011100000101000000111100001110000001
1000000111000001111000001110000011100000011100000110000001110000001110000011100000011100000110000000
1111000011100000011000000111000001110000001110000011100000011100000110000001010000001100000011100000
0111000001110000001100000011100000111000000111000001110000001111000011100000111000000111000001111000
0011100000111000000111000001110000011110000011110000111100000111100001110000001110000011100000011100
0001100000011100000011100000110000000111000001111000011110000011100000111000000111000001100000011100
0000100000001111000000000000000000000000000000000000000000000000000000000000000000001000000000010001
0000000000000010000100000110000000000000000011000100000000000000000000000000000000000000100101100001
1000000000000000000000000000000000000000000000000000000010000000001000000000010000000000000000000000
0000000000000000000000000000000000000000000001000000100100000110000000000100001001010001000000010101
0000000000110000000000000000000000000000000001100000000000000010100001110000000000000000000000000000
0000000000000000000000000000000000000000000000000000000011110000000000000000000000000000000000000000
0000000000000000000000000000000000000000000000000000000000000000000000000000000000000000000000000000
0000000000000000000000000000000000000000000000000000000000000000000000000000000000000000000000000000
0000000000000000000000000000000000000000000000000000000000000000000000000000000000000000000000000000
0000000000000000000000000000000000000000000000000000000000000000000000000000000000000000000000000000
0000000000000000000000000000000000000000000000000000000000000000000000000000000001000000000000000000
0000000000000000000000000000000010000000000000000000000000000000000000011000010000111100000000000000
0000000000000000000000000000000000000000000001000000001111000000000000000000011110100000011110000000
0000111110000011110000000000000000001111101000000000000000000000000000000000000000000000000000000000
0000101000000000000000000000000000000000000000000000000000000000000000000000000000000000000000000000
0000000000000000000000000000000000000000000000000000000000000000000000000000001100000001110000110000
0001110000000000000000000000000000000000000000000000001100000000000001100000000000000000001100000000
0000000000000000000000000000011000000000000000111100000000000000000000000000000000000000000000000110
0000000000000000000000000000000000000000000001100000000000000000000000000000000000000000000000000000
0000000000000000000000000000000000000000000000000000000000000000000000000100000000000000000000000000
0000000000000000111011100000000000000000000000000000000000000000000000000000000000000000000000000000
0000000000000000000000000000000000000000000000000000000000000000000000000000000000000000000000000000
0000100000000000000000000000000000000000000000000000000000000000000000000000000000000000000000000000
0000000000000000000000000000000000000000000000000000000000000000000000000000000000000000000000000000
0000000000000000000000000000000000000000000000000000000000000000000000000000000000000000000000000000
0000000000000000000000000000000000000000000000000000000000000000000000000000000000000000000000000000
0000000000000000000000000000000000000000000000000000000000000000000000000000000000000000000000000000
0000000000000000000000000000000000000000000000000000000000000000000000000000000000000000000000000000
0000000000000000000000000000000000000000000000000000000000000000000000000000000000000000000000000000
0000000000000000000000000000000000000000000000000000000000000000000000000000000000000000000000000000
0000000000000000000000000000000000000000000000000000000000000000000000000000000000000010000000000000
0000000000000000000000000000000000000000000000000000000000000000000000000000000000000000000000000000
0000000000000000000000000000000000000000000000000000000000000000000000000000000000000000000000000000
0000000000000000000000000000000000000000000000000000000000000000000000000000000000000000000000000000
0000000000000000000000000000000000000000000000000000000000000000000000000000000000000000000000000000
0000000000000000000000000000000000000000000000000000000000000000000000000000000000000000000000000000
0000000000000000000000000000000000000000000000000000000000000000000000000000000000000000000000000000
0000000000000000000000000000000000000000000000000000000000000000000000000000000000000000000000000000
0000000000000000000100000000000000000000000000000000000000000000000000000000000000000000000000000000
0000000000000000000000000000000000000000000000000000000000000000000000000000000000000000000000000000
0000000000000000000000000000000000000000000000000000000000000000000000000000000000000000000000000000
0000000000000000000000000000000000000000000000000000000000000000000000000000000000000000000000000000
0000000000000000000000000000000000000000000000000000000000000000000000000000000000000000000000000000
0000000000000000000000000000000000000000000000000000000000000000000000000000000000000000000000000000
0000000000000000000000000000000000000000000000000000000000000000000000000000000000000000000000000000
0000000000000000000000000000000000000000000000000000000000000000000000000000000000000000000000000000
0000000000000000000000000000000000000000000000000000000000000000000000000000000000000000000000000000
0000000000000000000000000000000000000000000000000000000000000000000000000000000000000000000000000000
0000000000000000000000000000000011000000000000000000000000011001100000000000001000000000000000000000
0000000000000000000000000000011001100000000000000000000000000000000000000000000000000000000000000000
0000000000100000000000000000000000000000000000111000011000000000000000000000000000000000000000000000
0000000000000000000000000000000000000000000000000000000000000001000000000001000010000000000000011000
0001000000000000000000000000011111000000000001000011000000000100000000000000000011110000000000000000
0000000000000000000000000100111111000000100000000000000000011000000000111111100000000000000000000000
0011111110000000000000000000000000000000000000000000000000000000000000000000000000000000000000000000
0000000000001111111111111111110000000000000000000000000000000000000000000000000000011000000000000000
0000000000000000000000001000000000000000000000000000000000000000000000000000000000000000000000000000
0000000000000000000000000110000011001101111101011111101111111111111111111111111111111111111011101111
0100111100000000001110011111110000011110111111110110111100001111001101110011111110000011100000111101
1101110011111110111011100110111101110111000001111000001111011011110000111100111111001111111100001111
0000111101110111000110111011001111011101111000011111111011100000111110001111001101110011111110000011
1100001111001101111000011110110011111000111110011101111011101000111111001111111111111001111110001101
1100000111101110111000001111100011111000011100111111111111111100001111101101110010101100000011100010
1110011101110000011111111011001101111100110111000101111011111111010001111111111110011111100000111100
0001111110011110011010110011011111110111110000111101111111100011111011011110101111110010111110001111
0010101111011011111010011100111111101010111101111110011101110011111101001111100000111001111111110001
1110011011111111111101110111001111111011111111010011111100111100000111101111110011111110000011100111
1110011101111011111110000011110000111000000111000001111011111100000011100000111100000111011111111111
1111101110111000001111011101111011011110111111101110111001101111000001110000011110000011101110111001
1111110000011100110111100000111001101110000011110000011110111111111101110011111111011111111111111000
0001110011110000011111111111110111111101110111100001111111101110000011110000011110111111111111111000
0011111000011100000111100000111001111111010111110000011100111111100111111001111111011101110000011111
0001111000101110011011110011111110111111111011111100000101000000000011111011111110011111100111011100
0001110111111100000011100110111100000111001101111010111110000011111111111100110111101111111011111111
0000111100001111011101110000011100000111101110111001111111000001111011011110000111100111111100001111
1000011111011011100000111001111111101111110010111110111011110000111110000111100011110001101111001101
1100000111001110111000001111000011110000011110111111111000111110001111000001111110111100000011100000
1111000001111011111100111111110000111001110111001110111000001111000001111100011110001111110000111100
0001111000011110111011100111111011001111000001110011100011111000011100000111101010111011111110011111
1101110111001101111011101110011011100111111111110000111001111011101110000011110000011100110111100001
1111000011100110111001110111000001110011111111111011100000111100000111101101111011101100111111100111
1111111101110011011110101011100000111001111110011101110011011111111011101110111001111111000001111011
0111101110111000001111000011110111111100111111000000111100001111000001110011011110111111101110111001
1011110000011100000111111110111011101111011111110000011100000111101010111001101110000011110000011100
0001111100001110000011100110111110000111100001111000001111000011111111111100000111100001111000001111
0000111100001111000001111000011111000011111000111110000111101101110110000001110011111110111011110000
1111000001110000011110111011100000111100001111000001110000011110000011100110111001110111001111110011
1111100000111100001111011101110000011111100111111111111100001111000001111000011110000011100110111001
1011110111111100110111101111111000001111011101111011011100111111111111111101101111011101110000011110
1110111101101111000011110111011110110111000000111011111110011111111000011100000111100000111000001111
0000111111110111000001110011101110011011110111011100000111110001111000001110011011110111011100111111
0000001110111011100111111000000111001101111011111110000011110111011100000111111111111000001110000011
1100000111000001110011111110000011100110111111111111000001110011111110111111100000111000000111000001
1110111111101111111000001111011111110011011111111011100000111001111111000001111000011110000011110110
1111011101110000011111111111111110111100001111011111110011011110111111111110111000001111011101110000
0111100000111000001111100001110111011100111111100000111101101111000001110000011111100000111101110111
0000011110111111100000111000001110011101110000011110000111101110111100001111100001110011011110111111
1100001111000011110000011100110111100001111011111110011011110000011101110111000001110011111110011111
1110001110011101111000011100101011100000111001110111000001111000011111111011100111111000000011110000
1111011101110000011110110111100000111101101111011101110111011100111111100000111000001111011111110011
1111001111111000001110000011111111011100000111101110111001111110011111100111011110111111100000111001
1011110111111101111111000001111111111110011011110000111111110111001111111011101110011011110000011101
1101111011111110000011110110111001111111000001110011111110111011100110111101110111011111110011111111
1110111001101111011101110011011110111111100000111101110011111111111100110111001111111011111110111011
1001101111000001110011011110111011100110111100001111011110111111101111001101110111000000111001111111
0111011100000111001110111100001110011101110011111000001110011111111111111111000011100110111100000111
1011111111000111100000111100001111011101110011011100111111100000111001111111000001111011011110000011
1001101111111111111111011100000111001111111000001111100001110000011110000111100000111100001111000001
1110111111110000111011101110000011110111111110000111101110111000001111000011111111011100000111000000
1110000011100000011111111111101111111000001110011011110000011100000111110001111011101110000011110111
0111000001111111101110011011111000111101110111001101111000001111000011100000111100000111100001111110
1011100000111000000111000001110000011100000011100000111000001111000001110011111110000011100110111100
0001111011111100111111110000111000001111000001110000011110111111101110111001101111000001111000011111
0001111100001111000011111111011100000111101110111000001111011111100000011100111111001111111001101111
0000011100000111100001111000001111000011111000011110000111101110111100001111011111110000011100110111
1011101110000011110111111101110111001101110011101110000011111111111000011100000111111111111000001111
1111111100110111000001111000001110011011110111011100110111101110111000001111011111111000011100000111
1011101111011011110111111100000111000001111011101111011011110111011100000111001111110000001111000011
1110000111100001111011111111111011100000111101110111001101111011111100000011100000001111101101111100
0111110000111001111111011101100000011100000111100000111000001111011101110000011111111111100110111100
0011110000011100110111101110111001101111000001110000011110110111110000111000001111011111111000011110
0001111000001111011111110111011100110111000001111000001110000011110000011110000111100000111000001111
0000111001110111000001111011101110011111100111111110000111001101111000001110000011110000011100000111
1000011111000011110000111000000111100001111000001110011111100000011100110111001111110000001111011111
1111110111001101110011111110000011100110111101110111000001110011111111000011111000111100000111001101
1110111011100110111100000111000001110011111110000011111111111101110111100001111011101110000011110000
0111011101110000011100000011100110111100000111101111111000011110000011110000111111111111101101111000
0111101111111000001111011101110011111110000011100000111000001110011101111000011100000011100000111000
0011111111111100111111000000111000001110011111110111011110110111000000111000001111010101110011111100
0001111011101111011011110000011100110111100001111011101111011111100111011100000111001111111000001111
0000111100000111001101111010101001110000011110111111110000111100001111000001110000011110000011100000
1111000001110000011100000111111110111001111110000001110011011110000111111110111001101111011101110111
0111000001110011111110011111100000011100000111110001111100001110011111100111111101110111000001110000
0011110110111100000111000001110000011100000001111110011110111011100000111111110111100001110011111111
1110111001101111010101110000011100111111101110111001111111000001111000011110000011101110111001111111
0111011100110111001111111100001110000011110111011110110111101110111000001110011011110110011100000111
0011101110000011110101011100000111110001111000001110011011110000011110000111101111111000001111000011
1100000111000001111011111110111011100000111100000111100001111100001111000011110111111101111111001101
1110000011100000111101110111000001111011111110111111110110111100001111011101111011111100111011100111
1111011101100011011110000111101110111000001110011111111000111000001110000011110000011100000111101110
1110011011110000011101110111100001111100001110000011111000011100110111101111111011101110011111110111
1111111101110011111111111011100000111101010111000001111011111100000011100000111100000111000001111000
0011100110111100000111000001111000011111111111100111111001111111001101111011111110000011110111111110
0001110011011110000011100000111100001111100001110000011111000011100110111101110111000001110000011110
1111111000001111100001111011011110111111100000111111101111011101110000011110000011100110111101110111
0111011100111111100000111001101111100001111000011100000111111110111001101111000001111000011100111111
0011101110011111110000011100111111100000111011101110011111111000011110111111100000111000001111011101
1100000111100001111111101110000011110111011100000111100001111000001110000011110000011111011001110111
1011111100111111100000111001111111111101110011111110111011100000111100000111100001111000011110000011
1001111111000001111011111111111011100110111100001111000001111011011110111111100111111000001110000001
1100110111100000111101101111011111110111011100000111110000111001101111000011110111011100000111100000
1111000011110000011100110111101111110000001110011011110000011110110111101111111000001111011111100111
1111001111110011111100000011100000111000000111001101111010101110000011100111111001110111001101111000
0011100111111101110111000001111111011110111011100000111001010111000001111111111110000011100111111101
1101110000011100000111101111111001101111000001110011011110000011100000111001101111011101110011011110
0000111111101110011111110000011100111111100000111000001111111101111111011110000111101110111000001111
0111111100000111100001111100001110011011110000011100000111100001111011101110000011110111011100000111
1011111100001000000000000000000000000000000000000000000000000000000000000000000000000010000010000000
0001010000000000000000000000000000000000000000000000000000000000000000000000000000000000000000000000
0000000000000000000000000000000000000000000000000000000000000000000000000000000000000000000000000000
0000000000000000000000000000000000000000000000000000000000000000000000000000000000000000000000000000
0000000000000000000000000000000000000000000000000000000000000000000000000000000000000000000000000000
0000000000000000000000000000000000000000000000000000000000000000000000000000000000000000000000000000
0000000000000000000000000000000000000000000000000000000000000000000000000000000000000000000000000000
0000000000000000000000000000000000000000000000000000000000000000000000000000000000000000000000000000
0000000000000000000000000000000000000000000000000000000000000000000000000000000000000000000000000000
0000000000000000000000000000000000000000000000000000000000000000000000000000000000000000000000000000
0000000000000000000000000000000000000000000000000000000000000000000000000000000000000000000000000000
0000000000000010001000000011000000000000000000000000000000000000000000000000000000000000000000000000
0000000000000000000000000000000000000000000000000000000000000000000000000000000000000000000000000000
0000000000000000000000000000000000000000000000000000000000000000000000000000000000000000000000000000
0000000000000000000000000000000000000000000000000000000000000000000000000000000000000000000000000000
0000000000000000000000000000000000000000000000000000000000000000000000000000000000000000000000000000
0000000000000000000000000000000000000000000000000000000000000000000000000000000000000000000000000000
0000000000000000000000000000000000000000000000000000000000000000000000000000000000000000000000000000
0000000000000000000000000000000000000000000000000000000000000000000000000000000000000000000000000000
0000000000000000000000000000000000000000000000000000000000000000000000000000000000000000000000000000
0000000000000000000000110000000000011000000000000110000000000000000000000000000000000000110000000000
0110000000000000000000000000000000000000000000000000000000000000000000000000000000000000000000000000
0000000000000000000000000000000000000000000000000000000000000000000000000000000000000000000000000000
0000000000000000000000000000000000000000000000000000000000000000000000000000000000000000000000000000
0000000000000000000000000000000000000000000000000000000000000000000000000000000000000000000000000000
0000000000000000000000000000000000000000000000000000000000000000000000000000000011000000000000000000
0000000000000000000000000000011111100000000000000100000000000000000000000000000000000000000000000000
0000001110010111111100000000000000000001100000000000000000100000000000000000000011110000000100000100
0000000000000000000000000000000000011000000000000000000000000110111000011100000000000111110000000000
0000000000000000000000000001110000000000000000000000000000000000000000000000000000000000000000000000
0000000000000000000000000000000000000000000000000000000000000000000000000000000000011001000000000000
0000000000000000000000000000000000000000000000000000000000000000000000000000000010000000000000000000
0000000000000000000000000000000000000000000000000000000000000000000000000000000000000000000000000000
0000000000000000000000000000000000000000000000000000000000000000000000000000000000000000000000000000
0000000000000000000000000000000000000000000000000000000000000000000000000000000000000000000000000000
0000000000000000000000000000000000000000000000000000000000000100000000000000000000000000000000000000
0000000000000000000000000000110010000000000011100000000111100001000000011000110000000000000000011101
1111001111110000111110000000000100000000000001111111000100000111111000000000000010000000000000000000
0000000000000000000000000000000000000000000000000000000000000000000000000000000000000000000000000000
0000000000000000000000000000000000000000000000000000000000000000000000000000000000000000000000000000
0000000000000000001100000000000000111000001010000001110000011100000011100000111000001100000001110000
0111000000110000001111000011110000011100000111000000111000001100000011100000011000000111000000111000
0011110000011000000111000001111000001110000011110000111100000111110001111000001100000011110000011100
0001100000011100000011100000111000000111000001100000001110000011100000111000000111000001100000001110
0000101100000110000001110000011100000011100000111000000101000001110000011100000110000000000000000000
0000000000001110110000001110000001100000011100000111000000111000001110000001110000011100000011100000
1110000011000000011000000111000000110000001110000011100000011100000111100001111100001110000011110000
0111000001110000001111000011100000111110000110000001111100001100000011100000011100000111000000111100
0011100000111100000110000001110000001100000011100000011100000110000001110000001110000011100000101000
0001111000010100000011110000111100001110000001110000011100000010110000110000000110000001110000011100
0000111000001110000011100000011100000111100000111000001100000001110000011100000111000000101100001110
0000011100000111100001111100000000000000000000000000000000000001100000011100000011100000111000000110
0000011100000111000000111000001110000011111000011100000111000000111000001100000011110000011100000111
0000001110000011000000111000000111000001111000001100000010100000011100000111100001111000001100000011
1100000111000001111000011100000011100000111000000110000001110000001111000011110000011100000111000001
1110000011110000111000000111000001110000001110000011100000011100000111000001110000001110000011000000
0111000001110000001100000011110000101000000110000001110000001110000011100000111000000111100001110000
0011000000111000001110000001110000011100000011000000110000001110000001110000011100000011100000110000
0010100000011000000111000000111000001110000001110000011100000111100000111000001111000001110000011100
0000111000001100000001100000011110000110000000111100001111000001100000011100000011000000111000001110
0000011100000111000000111000001111000001100000011100000111000000111000001110000001100000011100000111
0000001110000011100000011100000111000001111100001110000010100000011100000111000000110000001110000011
1000000111000001111100001110000011000000001111000010100000111000000111000001110000001110000011110000
1111000001110000011100000011100000111000000110000001110000011100000011100000111000000110000001110000
0101000000111000001110000001100000011100000111000000111000001100000011110000011110000111000000111000
0011110000101000000111000001110000001110000000000000000011100000101100000110000001110000011100000011
1000001110000001110000011000000101000000110000001110000001110000011100000011000000111000001110000001
1100000111000000111000001100000011110000011100000111100001111100001110000010100000011100000110000000
1111000011100000111000000111000001110000001110000011000000111110000111100001111000001110000011100000
1111000001111000011100000011100000110000000110000001110000011100000011100000111000000110000001111000
0011000000111000001110000001110000011100000011000000110000001110000001110000011100000011100000110000
0001111000011100000110000000110000001100000001100000011100011000000000000000000000000000000000000000
0000001000000111000000111000001110000011110000011100000110000001111000001110000011100000011100000110
0000011110000011100000111000000111000001110000001100000011100000111000000111000001110000001110000011
0000001110000001110000011100000011100000111000001111110001110000011100000011100000111000000111000001
1100000111100000111100001110000011100000011000000111000000111000001011000011110000011100000111000000
1110000011000000111000000111000001111000001111000011100000011110000101100001110000001111000011100000
0111000001110000001111000011100000110000000111100001110000001110000011000000111100000111000001111000
0011110000111100001010000001110000011100000011100000110000001110000001111000010110000011100000110000
0011100000011110000101000000111000001110000011100000011100000111100000111000001110000011100000011100
0001111000001110000011100000011100000110000001110000001110000011100000011111000111100000111100001111
0000111100000111000001010000001110000011100000011000000111100001110000001111000011100000011100000110
0000011110000011000000111000000111000001100111000000011000000111000000111100001011000001110000011110
0000111000001110000011100000011100000110000001111100001110000011000000011100000111100000110000001011
0000101000000111100001110000001100000011100000111000000111000001111000001100000011110000111000000111
1000011100000011100000111000001110000001110000010100000000011100000111000000111000001100000011100000
0111000001100000001100000011000000111100000101000001110000001110000011110000111100000110000001010000
0011100000111100000101100001110000011000000011110000111100000110000001111000001100000011100000111000
0001110000011000000111000000110000001110000001110000011100000011000000101100001110000001110000011000
0000111000001111000001100000010100000111000000111000001110000001110000011100000111100000111100001100
0000010110000111000000110000001110000011110000011100000101000000111000001110000011110000011100000101
0000001110000011100000111100000111000001111000001100000010100000011100011000000000000000000000000011
1000011100000011100000111100001111000001100000011100000011110000111100000110000001110000011100000011
1000001100000011100000011100000111000000101000001110000011100000011100000111100000110000001110000001
1110000101100001110000001111000011111000011110000111000000111000001100000011110000011100000111100000
1110000011100000011000000111000001111000001110000011000000011000000111000001110000001110000011100000
0111000001110000001110000011110000111110000111000001100000001100000011100000111000000111000001110000
0011110000111000000111100001111100011100000011100000111000000110000001110000001110000011100000110000
0001110000011100000011100000111000001110000001110000011100000011100000111000000110000001100000011100
0000111000001100000001100000011000000111000000111000001110000001110000011000000111000000110000001110
0000011100000111100000111000001110000011100000011100000111000000110000001110000011100000011100000111
0000001110000011000000101000000111000001110000001110000011110000111110000111000001110000001110000011
0000001111100001111000011110000011100000111100001110000001100000011110000000000000000000100000101000
0001110000011110000011000000111000001010000001110000011100000011000000111000001110000001110000011100
0000111000001100000011100000011100000110000000111000001110000011100000010100000111000000111000001110
0000111000000111000001111000001111000011100000011100000111000001110000001110000000000000000000011000
0001011000011100000011100000101000000111000001110000001100000011100000111000000111000001111000001100
0000111000000111000001110000011100000011100111000000111000001110000001101000001011000011110000011000
0001110000011100000011100000110000000111000001100000011100000011100000111000000110000001110000011100
0000111000001110000001110000010100000010100000110000001111000001111000011110000011100000111000001110
0000011100000110000000110000001110000001100000011100000111000000111000001111000001100000011100000111
0000001110000011100000011100000110000001111000001100000011100000011110000111000000111000011000000000
0000000000000011000000111000000111000001100000001100000011110000111100000111000001111000001100000011
1100001111000001110000011110000011100000111000000110000001110000011110000011100000111000000111000001
1100000011000000111000001110000001110000011110000011000000111000001110000001110000011100000111110000
1110000011100000011100000110000000110000001100000011100000011100000111000000111000001100000011100000
0111100001010000001111000011100000011100000110000001111100001111000010110000011100000111000000111000
0011000000011100000111100001100000001111000011100000011100000110000001110000001110000011100000011000
0001110000010100000011100000111000000111000001010000001111000011100000110000000111000001111000001111
0000111100001111000001100000010100000011100000111000000111000001100000011100000011100000111000000110
0000011100000011100000101100001110000001110000011000000011100000111000000110000001110000011100000011
1000001110000001100000011100000111111111111111111111111111111111111111111111111111111111111111111111
1111111111111111111111111111111111111111111111111111111111110000001000000011000000011100001000000000
0000000000000000000000000110000001100000011100000111100000111000001100000001110000011100000011100000
1011000011100000011100000110000000110000001110000011100000011100000101000000111000001110000001100000
0111000001110000001100000011110000111000000111100001010000001110000011110000111100000110000001010000
0011000000111000000110000001110000011100000011100000110000000111100001110000001100000011100000111000
0001110000011110000011100000111000000110000001111000011000000011100000111000000111000001100000011100
0000111000001110000001110000011000000011100000111000001110000001111000011100000011100000110000001110
0000011000000111000000111000001110000001100000011100000101000000110000001100000001110000011100000111
1000001110000011110000011100000111000000110000001110000001111100011100000111100000111000001110000001
1100000111000000110000001110000011100000011100000111100000111100001110000011111000011100000111100000
1111000011100000011111000000001010011111100000000000000001000000000100000000000000000000110000000000
0000000000000000111111111000000000000110000000000000000000000000000000000010000000000001000000011000
0000000000000000000000000000000000000000000000000000000000000000000000000000000000000000000000000000
0000000000000000000000000000000000000000000000000000000000000000000000000000000000000000000000000000
0000000000000000000000000000000000000000000000000000000000000000000000000000000000000000000000000000
0000000000000000000000000000000000000000000000000000000000000000000000000000000000000000000000000000
0000000000000000000000000000000000000000000000000000000000000000000000000000000000000000000000000000
0000000000000000000000000000000000000000000000000000000000000000000000000000000000000000000000000000
0000000000000000000000000000000000000000000000000000000000000000000000000000000000000000000000000000
0000000000000000000000000000000000000000000000000000000000000000000000000000000000000000000000000000
0000000000000000000000000000000000000000000000000000000000000000000000000000000000000000000000000000
0000000000000000000000000000000000000000000000000000000000000000000000000000000000000000000000000000
0000000000000000000000000000000000000000000000000000000000000000000000000000000000000000000000000000
0000000000000000000000000000000000000000000000000000000000000000000000000000000000000000000000000000
0000000000000000000000000000000000000000000000000000000000000000000000000000000000000000000000000000
0000000000000000000000000000000000000000000000000000000000000000000000000000000000000000000000000000
0000000000000000000000000000000000000000000000000000000000000000000000000000000000000000000000000000
0000000000000000000000000000000000000000000000000000000000000000000000000000000000000000000000000000
0000000000000010000000000000000110010000000000000000000110000100000000000000000110000000000000000000
0000000000000000000000000010000000100000000000000000000000000100000000000000001000100000000000000000
0000000000011100000000000000000001000000000000000000000000000000000000000000000010000000000000000000
0010000000000000000000000000000000000010000000000000000010000000000000000000000010000010000000010010
0000000000000000000000000000000000000000000000000000000000000000000000000000000000000000000000000000
0000000000010000000010000100000000100000000000000000000000000000000000000000000000010000000000000110
0111000000000000000000000000000000000000000001000000100000000000000000000000000000000000000000000111
0000000000001000000000001000001000000100000001000001000000001110000100000000000000000000000010000000
0000001000000000000000000010100000000000000010000010000000010000001000000010010111011000000000000101
0011000000000000100000000000000010000010100000000001110001000010000001000100000010100000000000100110
0000100000000010000000000000000000000000000000000000000000000000000000000001000000000010000010000000
0000000000000000000000000000000000000000000000000000000000000000000000000000000000000000000000000000
0000000000000000000000000000000000000000000000000000000000000000000000000000000000000000000000000000
0000000000000000000000000000000000000000000000000000000000000000000000000000000000000000000000000000
0000000000000000000000000000110000000000000000000000000000000000000000000000000010000000000000000100
1000000000000010000000000000000000000000000000000000000000000000000001000000000000000001000000000000
0000010000000000000011000000100000000000000000001000000000000000000000000010000000000000000000000000
0000000000000000000000000000000000000000000000000000000000000000000001100000000000010000000000000100
0000000001000001000000000000000000000001000000000000000001100000000000000000000000000000000000000000
0000000000000000000000000000000000000000000000000000000000000001000000000000001000000000000000000000
0110000000000000000000000000000000000000000000000000000000000000000000000000000000000000100000000000
0000000001000000000000000000000000000000000000000100001100000000100000000100010000000000000001000000
0000010000100000000000000000001100000000000110000000000001110000000000000000000000000000000000000000
0000000000100000001000000000001000000000000100000000100000000011000000000010000000000000000000000000
0000000000000000000000000001100000000000000000000000011000100000000100111010000000000011000000000001
0011100000000000000000000011001000001000000100010010000000100000010000000000000000000000000000000010
0000000010000000100000000010000100000000000100000100000000001000000011011000000001000000000000000000
0000000000101110000000000000000000000000000001010000000000010010000001000000000001100000000001100000
0010100001000000000000000000000000100000000000010000000000000000110100000000000100010101000000000100
0000000000000000000000000000000000000000000000000000010100000000010000001000000000000000000000000000
0000000000000000000000000000000000000000000000000000000000000000000000000000000000000000000000000000
0000000000000000000000000000000000000000000000000000000000000000000000000000000000000000000000000000
1100000000000000000000000000000000000000000000000000000000000110000000110000000000000000000000000000
0000000000000000000000000000000000000000000000000000000000000000000000000110000000001110000000000000
0000000000000000000000000000000000000000000000000000000000000000000000000100000000000000000010000000
0000010000000000000000000000000000011000000000001110000000000000000000000000000000000001100000000000
1110000000000000000000000000000000000000000000000000000000000000000000000000000000000000000000000000
0000000000000000000000000000000000000000000000000000000000000000000000000000000000000000000000000000
0000000000000000000000000000000000000000000000000000000000000000000000000000000000000000000000000000
0000000000000000000000000000001000000000000000000000000000000000000010000000000000011000000000011000
0010000000000010000010111110000000000000000000000000000000000000000000000000000001101100010000000011
0011100000000000000000000000000000000000000000000000000000000000000000000000000011111100000011000000
0000000100000011110000011100000010000110000000000000000000000000000000000000000000000000010000000000
0000000000000000000000000000000000000000000000000000000000000000010000000001100001010000000001100000
0010000000000000000000000000111111000000000000000010000000000000000011100001111000011110000000000000
0000000000000011011111100000100000000000000000000110000000111111110000001100000000000000000000000000
0000000000000000000000000000000000000000000000000000000000000000000000000000000000000000000000011111
1111111111111000000000000000000000000000000000000000000000000000011000000000000000000000000000000000
00000010000000000000000000000000000000000000000000000000000000000000000000000000