Samples:
KEY:
1101010101010101010101010101010101010101010101010101010101001010101010101010101010101010101010101010
1010101011010101010101010101010101010101010101010101010101010101010101010101010101001010101010101010
1010101010101010101010101010101010101010101010101010101010101010101010101010101010101010101010101010
1010101010101010101010101010101010101010101010101010101010101010101010101010101010101010101010101010
1010101010101010101010101010010101010101010101010101010101010101010101010101010101010101010101010101
0101010101010101010101010101010101010101010101010100010101010101010101010101010101010101010101010101
0101010101010101010101010101010101010101010101010101010101010101010101010100101010101010101010101010
1010101010101010101010101010101010101010101010101010101010101010101010101111010101010101010101001010
1001010101010101010101010101010101010101010101010101010101010101010101010101010010101010101011101010
100111000010?011101111011010101011010101010101010101010101010101010101010101010101010101010101010101
0101010101010101010101010100010101010101010101010101010101010101010101010101010101010101010101010101
0101010101010101010101010101010101010101010101010001010101010101010101010101010101010101010101010101
0101010101010101010101010101010101010101010101010101010101010101010101010101010101010101010101010101
0101010101010101010101010101010101010101010101010101010101010101010101010101010101010101010101001010
1010101010101010101010101010101010101010101010101010101010101010101010101010101010101010101010101010
1010101010101010100101010101010101010101010101010101010101010101010101010101010101010101010101010101
0101010101010101010101010101010101010101001010101010101010101010101010101010101010101010101010101010
1010101010101010101010101010101010101010101010101010101010101010001010101010101010101010101010101010
1010101010101010101010101010101010101010101010101010101010101010101010101010111101010100101010100101
01010101010101010010101010101010101011010111010101010101111011101101010110101001?1010101010101111110
1010110101010101010101111111111?0011?01011010101??10101010101010101010101010101010101011010101010111
0101111011101010111010101?0001000111011010101111010101010101101?01011011100011101010011101?000001100
11101?01001010101?1001010101010101010101010101010101010101010101010100101010101010101010101010101010
1010101010101010101010101010101010101010101010101010101010101010101010101010101010101010100101010101
0101010101010101010101010101010101010101010101010101010101010101010101010101010101010101010101010101
0101010101000101010101010101010101010101010101010101010101010101010101010101010101010101010101010101
0101010101010101010101010101010001010101010101010101010101010101010101010101010101010101010101010101
0101010101010101010101010101010101010101010101010100010101010101010101010101010101010101010101010101
0101010101010101010101010101010101010101010101010101010101010101010101000101010101010101010101010101
0101010101010101010101010101010101010101010101010101010101010101010101010101010101010101010010101010
1010101010101010101010101010101010101010101010101010101010101010101010101010101010101010101010101010
1010101010100101010101010101010101010101010101010101010101010101010101010101010101010101010101010010
1010101010101010101010101010101010101010101010101010101010101010101010101010101010101010101010101010
10101010101010101010101010101010101010101010101010101010101??101010101010101010101010101010101010101
0101010101010101010101010101010101010101010101010101010101010101010101010101010100101010101010101010
1010101010101010101010101010101010101010101010101010101010101010101010101010101010101010101010101010
1010101010101010101010101010101010101010101010101010101010101010101010101010101010101010101010101010
1010101010101010101000101010101010101010101010101010101010101010101010101010101010101010101010101010
1010101010101010101010101010101010101010010101010101010101010101010101010101010101010101010101010101
0101010101010101010101010101010101010101010101010101010101010101010101010101010101010101010101010101
0101010101010101010111111010101010101010101010101010101010101010101010101010100101010101010101010101
01010101010101010101010101010101010101010101010101010101???1??10110101?00101110111010101010100101010
10101101101111011101101?1111110101010101010101010101010101010101010101010101010101010101010101010101
0101010101010101010101010101010101010101010101010101010101010101010101101010101010101010101010101010
1010101010101010101010101010101010101010101010101010101010101010101010101010101010101010101010101010
1010101010101010101010101010101010101010101010101010101010101010101010101010101010101010101010101010
1010101010101010101010101010101010101010101010101011????????????????????????????????????????????????
????????????????????????????????????????????????????????????????????????????????????????????????????
????????????????????????????????????????????????????????????????????????????????????????????????????
????????????????????????????????????????????????????????????????????????????????????????????????????
????????????????????????????????????????????????????????????????????????????????????????????????????
????????????????????????????????????????????????????????????????????????????????????????????????????
????????????????????????????????????????????????????????????????????????????????????????????????????
????????????????????????????????????????????????????????10101010101010101010101010101010101010101010
1010101010101010101010101010101010101010101010101010101010100101010101010101010101010101010101010101
0101010101010101010101010101010101010101010101001010101010101010101010101010101010101010101010101010
1010101010101010101010101010101010101010101010101010101010101010101010101010101010101010101010101010
1010101010101001010101010101010101010101010101010101010101010101010101010101010101010101010101010101
0101010101010101010101010101010101010001010101010101010101010101010101010101010101010101010101010101
0101010101010101010101010101010101010101010101010101010101010010101010101010101010101010101010101010
1010101010101010101010101010101010101010101010101010101010101010101010101010101010100101010101010101
0101010101010101010101010101010101010101010101010101010101010101010101010101010101010101010101010101
0101010001010101111011110101101010101010101010101001010101010101010101010101010101010101101010101110
1010101010101010101001010101010101010101010101010101010101010101111111010101101010101101010101011010
101011?101?01111101010101010101101?01010101010101010101010101010101010101010101010101010101010101010
1010101010101010101010101010101001010101010101010101010101010101010101010101010101010101010101010101
0101010101010101010101010101010101010101010101010101010100101010101010101010101010101010101010101010
1010101010101010101010101010101010101010100101010101010101010101010101010101010101010101010101010101
0101010101010101010101010101010101010101010101010101010101010101010101010101010101010101010101010101
0101010100101010101010101010101010101010101010101010101010101010101010101010101010101010101010101010
1010101010101010101010101010101000101010101010101010101010101010101010101010101010101010101010101010
1010101010101010101010101010101010101010101010101010101010101010101010101010101010101010101010101010
1010101010101010101010101010101010101010101010101010101010101010101010101010101010101010101010101010
1010101010101010101010101010101010101010101010101010101010101010101010101010101010101010101010101010
0101010101010101010101010101010101010101010101010101010101010101010101010101010101010101010101010101
0101010101010101010101000101010101010101010101010101010101010101010101010101010101010101010101010101
0101010101010101010101010101010101010101010101010101010101010101010101010101010101010101010101010101
0101010101010101010101010101010101010101010101010101010101010101010100010101010101010101010101010101
0101010101010101010101010101010101010101010101010101010101010101010101010101010101010101010010101010
1010101010101010101010101010101010101010101010101010101010101010101010101010101010001010101010101010
1010101010101010101010101010101010101010101010101010101010101010101010101010101010101010101010101010
1010101010101010101010101010101010101010101010100010101010101010101010101010101010101010101010101010
1010101010101010101010101010101010101010101010101010101010101010101010100101010101010101010101010101
0101010101010101010101010101010101010101010101010101010101010101010101010101010101010101010101001010
1010101010101010101010101010101010101010101010101010101010101010101010101010101010101010101010101010
1010101010101010100101010101010101010101010101010101010101010101010101010101010101010101010101010101
0101010101010101010101010101010101010101000101010101010101010101010101010101010101010101010101010101
0101010101010101010101010101010101010101010101010101010101010100101010101010101010101010101010101010
1010101010101010101010101010101010101010101010101010101010101010101010101010101010101010101010101010
1010101010101010101010101010101010101010101010101010101010101010101010101010101010101010101010101010
1010101000101010101010101010101010101010101010101010101010101010101010101010101010101010101010101010
1010101010101010101010101010100010101010101010101010101010101010101010101010101010101010101010101010
1010101010101010101010101010101010101010101010101010101010101010101010101010101010101010101010101010
1010101010101010101010101010101010101010101010101010101010101010101010101010101010101010010101010101
0101010101010101010101010101010101010101010101010101010101010101010101010101010101010101010101010101
0101010101010101010101010101010101010101010101010101010101010101010101010101010101010101010101010101
0101010101010101010101010101010101010101010101010101010101010101010101010101010101010101010101010101
0101010101010101010101010101010101010101010101010101010100101010101010101010101010101010101010101010
1010101010101010101010101010101010101010101010101010101010101010101010101010101000101010101010101010
1010101010101010101010101010101010101010101010101010101010101010101010101010101010101010101010101010
1000101010101010101010101010101010101010101010101010101010101010101010101010101010101010101010101010
1010101010101010101010101001010101010101010101010101010101010101010101010101010101010101010101010101
0101010101010101010101010101010101010101010101010010101010101010101010101010101010101010101010101010
1010101010101010101010101010101010101010101010101010101010101010101010100101010101010101010101010101
0101010101010101010101010101010101010101010101010101010101010101010101010101010101010101010101010101
0101010101010101010101010101010101010101010101010101010101010101010101010101010101010101010101010101
0101010101010101010101010001010101010101010101010101010101010101010101010101010101010101010101010101
0101010101010101010101010101010101010101010100101010101010101010101010101010101010101010101010101010
1010101010101010101010101010101010101010101010101010101010101010101000101010101010101010101010101010
1010101010101010101010101010101010101010101010101010101010101010101010101010101010101010101001010101
0101010101010101010101010101010101010101010101010101010101010101010101010101010101010101010101010101
0101010101010100101010101010101010101010101010101010101010101010101010101010101010101010101010101010
1010101010101010101010101010101010101010101010101010101010101010101010101010101010101010101010101010
1010101010101010101010101010101010101010101010101010101010101001010101010101010101010101010101010101
0101010101010101010101010101010101010101010101010101010101010101010101010101010101010101010101010101
0101010101010101010101010101010101010101010101010101010101010101010101010101010101010101010101010101
0101010010101010101010101010101010101010101010101010101010101010101010101010101010101010101010101001
0101010101010101010101010101010101010101010101010101010101010101010101010101010101010101010101010101
0101010101010101010101010101010101010101010101010101010101010100101010101010101010101010101010101010
101010101010101010101010101010101010?010101010110101010101010101010101010101010101011010101010101010
1010101010101010101010101010101010101010101010101010101010101010101010101010101010101010101010101010
1010100101010101010101010101010101010101010101010101010101010101010101010101010101010101010101010101
0101010101010101010101010100101010101010101010101010101010101010101010101010101010101010101010101010
1010101010101010101010101010101010101010101010101010101010101010101010101010101010101010101010101010
1010101010101010101010101010101010101010101010101010101010101010101010010101010101010101010101010101
0101010101010101010101010101010101010101010101010101010101010101010101010101010101010101000101010101
0101010101010101010101010101010101010101010101010101010101010101010101010101010101010101010101010101
0101010010101010101010101010101010101010101010101010101010101010101010101010101010101010101010101010
1010101010101010101010101010100101010101010101010101010101010101010101010101010101010101010101010101
0101010101010101010100101010101010101010101010101010101010101010101010101010101010101010101010101010
1010101010101010101010101010101010101010101010101010101010101010101010101010101010101001010101010101
0101010101010101010101010101010101010101010101010101010101010101010101010101010101010101010101010101
0101010101010101010101010101010101010101010101010101010101010101010101010101010101010101010101010101
0101010101010101010101010101010100101010101010101010101010101010101010101010101010101010101010101010
1010101010101010101010101010101010101010101010101010101000101010101010101010101010101010101010101010
1010101010101010101010101010101010101010101010101010101010101010101010101010101010101010101010101010
1010101010101010101010101010101010101010101010101010101010101010101010101010101010101010101010101010
1001010101010101010101010101010101010101010101010101010101010101010101010101010101010101010101010101
0101010101010101010101010010101010101010101010101010101010101010101010101010101010101010101010101010
1010101010101010101010101010101010101010101011??????????????????????????????????????????????????????
????????????????????????????????????????????????????????????????????????????????????????????????????
????????????????????????????????????????????????????????????????????????????????????????????????????
????????????????????????????????????????????????????????????????????????????????????????????????????
????????????????????????????????????????????????????????????????????????????????????????????????????
????????????????????????????????????????????????????????????????????????????????????????????????????
????????????????????????????????????????????????????????????????????????????????????????????????????
???????????????????????????????????????????????????1010101010101011111101010101010101010101010101010
1010101010101010101010101010101010101010101010101010101010101010101010101010101101010101010101000000
1010101000101010001010101111010101111111010101010101010101010101010101010101010101010101010101010101
0101010101010101010101010101010101010101010101010101010101010101010101010101010101010101010101010101
0101010101010101010101010101010101010101010101010101010101010101010101010101010101010101010101010101
0101010101010101010101010101010101010101010101010101010101010101010101010101010101010101010101010101
0101010101010101010101010100101010101010101010101010101010101010101010101010101010101010101010101010
1010101010101010101010101010101010101010101010101010101010101010101010101010101010101010101010101010
1010101010101010101010101010101010101010101010101010101010101010101010101010101010101010101010101010
1010101010101010101010101010101010101010101010101010101010101010101010101010101010101010101010101010
1010100010101010101010101010101010101010101010101010101010101010101010101010101010101010101010101010
1010101010101010101010101010100010101010101010101010101010101010110101010101010101010111111?11010101
0101010101010101010100100101010101010101010100010110101010101010101101010101010101010101010101010101
1010101010101010101010101010101010101010101010101010101010101010?00101010101010101010101010101010010
1010101010101???1?1010101001001?00111101110101010101010110101010010101101010101101101010101010101111
0010101010101010101010101010101010101010101010101010101010101010101010101010100010101010101010101010
1010101010101010101010101010101010101010101010101010101010101010101010101010101010101010101010101010
1001010101010101010101010101010101010101010101010101010101010101010101010101010101010101010101010101
0101010101010101010101010010101010101010101010101010101010101010101010101010101010101010101010101010
1010101010100010101010101010101010101010101010101010101010101010101010101010101010101010101010101010
1010101010101010101010101010101010101010101010101010101010101010101010101010101010101010101010101010
1010101010101010101010101010101010101010101010101010101010101010101010101010101010101010101010101010
1010101010101010101010101010101010101010101010101010101010101010101010101010101010101010101010101010
1010101010101010101000101010101010101010101010101010101010101010101010101010101010101010101010101010
1010101010101010101010101010101010101010100101010101010101010101010101010101010101010101010101010101
0101010101010101010101010101010101010101010101010101010101010101010101010101010101010101010101010101
0101010101010101010101010101010101010101010101010101010101010101010101010101010101010101010101010101
0101010101010101010101010101010101010101010101010101010101010101010101010101010101010101010101010101
0101010101000101010101010101010101010101010101010101010101010101010101010101010101010101010101010101
0101010101010101010101010101010101001010101010101010101010101010101010101010101010101010101010101010
1010101010101010101010101010101010101010101010101010101010101010101010101010101010101010101010101010
1010101010101010101010101010101010101010101010101000101010101010101010101010101010101010101010101010
1010101010101010101010101010101010101010101010101010101010101010101010101010101010101010101010101010
1010101010101010001010101010101010101010101010101010101010101010101010101010101010101010101010101010
1010101010101010101010101010101010101010010101010101010101010101010101010101010101010101010101010101
0101010101010101010101010101010101010101010101010101010101010101001010101010101010101010101010101010
1010101010101010101010101010101010101010101010101010101010101010101010101010101010101000101010101010
1010101010101010101010101010101010101010101010101010101010101010101010101010101010101010101010101010
1010100010101010101010101010101010101010101010101010101010101010101010101010101010101010101010101010
1010101010101010101010101010101101010101010101010101010101010101010101010101010101010101010101010101
0101010101010101010101010101010101010101010101010101001010101010101010101010101010101010101010101010
1010101010101010101010101010101010101010101010101010101010101010101010101010?01010101010101010101010
1010101010101010101010101010101010101010101010101010101010101010101010101010101010101010101010101010
0101010101010101010101010101010101010101010101010101010101010101010101010101010101010101010101010101
0101010101010101010101010101010101010101010101010101010101010101010101010101010101010101010101010101
0101010101010101010101010101010101010101010101010101010101001010101010101010101010101010101010101010
1010101010101010101010101010101010101010101010101010101010101010101010101010101010001010101010101010
1010101010101010101010101010101010101010101010101010101010101010101010101010101010101010101010101010
1010100101010101010101010101010101010101010101010101010101010101010101010101010101010101010101010101
0101010101010101010101010101010101010101010101010101010101010101010101010101010101010101010101010101
0101010101010101010101010101010101010101010101010101001010101010101010101010101010101010101010101010
1010101010101010101010101010101010101010101010101010101010101010101010101010010101010101010101010101
0101010101010101010101010101010101010101010101010101010101010101010101010101010101010101010101000101
0101010101010101010101010101010101010101010101010101010101010101010101010101010101010101010101010101
0101010101010100010101010101010101010101010101010101010101010101010101010101010101010010101010101010
1010101010101010101010101010101010101001010101010101010101010101010101010101010101010101010101010101
0101010101010101010101010101000101010101010101010101010101010101010101010101010101010101010101010101
0101010101010101010101010101010101010101010101010101010101010101010101010101010101010101010101010101
0101010101010101010101010101010101010101010101010101010101010101010101010101010101010101010101010101
0101010101010101010101010101010101010101010101010101010101010101010101010101010101010101010101010101
0101010101010101010101010101010101010010101010101010101010101010101010101010101010101010101010101010
1010101010101010101010101010101010101010101010101010101010100101010101010101010101010101010101010101
0101010101010101010101010101010101010101010101010101010101010101010101010101010101010101010101010101
0101010101010101010101010101010101010101010101010101010101010101010101010101010101010101010101010101
0100101010101010101010101010101010101010101010101010101010101010101010101010101010101010101010101010
1010101010101010101010101010101010101010101010101010101010101010101010101010101010101010101010101010
1010101010101010101010101010101010101010101010101001010101010101010101010101010101010101010101010101
0101010101010101010101010101010101010101010101010101010101010101010101001010101010101010101010101010
1010101010101010101010101010101010101010101010101010101010101001010101010101010101010101010101010101
0101010101010101010101010101010101010101010101010101010101010101010101010101010101010101010101010101
0101010101010101010101010101001010101010101010101010101010101010101010101010101010101010101010101010
1010101010101010101010101010101010101010101010101010101010101010101010101010101010101010101010101010
1010101010101010101010101010101010101010101010101010101010101010101010100101010101010101010101010101
0101010101010101010101010101010101010101010101010101010101010101010101010101010101010101010101001010
1010101010101010101010101010101010101010101010101010101010101010101010101010101010101010101010101010
1010101010101010101010101010101010101010101010101010101010101010101010101010101010101010101010101010
1010101010101010101010101010101010101010100010101010101010101010101010101010101010101010101010101010
1010101010101010101010101010101010101010101010101010101010101001010101010101010101010101010101010101
0101010101010101010101010101010101010101010101010101010101010101010101010101010101010010101010101010
1010101010101010101010101010101010101010101010101010101010101010101010101010101010101010101010101010
1010101001010101010101010101010101010101010101010101010101010101010101010101010101010101010101010101
0?10101010101010101010101010101010101010101010101010101010101010101010101010101010101010101010101010
1010101010101010101010101010101010101010101010101010101010101010101010010101010101010101010101010101
0101010101010101010101010101010101010101010101010101010101010101010101010101010101010101010101010101
0101010101010101010101010101010101010101010101010101010101010101010101010101010101010101010101010101
0101010101010101010101010101010101010101010101010101010100101010101010101010101010101010101010101010
101010101010101010101010101011??????????????????????????????????????????????????????????????????????
????????????????????????????????????????????????????????????????????????????????????????????????????
????????????????????????????????????????????????????????????????????????????????????????????????????
????????????????????????????????????????????????????????????????????????????????????????????????????
????????????????????????????????????????????????????????????????????????????????????????????????????
????????????????????????????????????????????????????????????????????????????????????????????????????
????????????????????????????????????????????????????????????????????????????????????????????????????
??????????????????????????????????101010101010111111111010101010110011010101010101010101010101010101
01010101010101010101010101010101010101010101010101010101010101010101010101010101010101???1??10101010
10101011011101101010?0110010101111011010101000101010101010101010101010101010101010101010101010101010
1010101010101010101010101010101010101010101010101010101010101010101010101010101010101010101010101010
1010101010101010101010101010101010101010101010101010101010101010101010101010101010101010101010101010
1010101010101010101010101010101010101010101010101010101010101010101010101010101010101010101010101010
1010101010100101010101010101010101010101010101010101010101010101010101010101010101010101010101010101
0101010101010101010101010101010101010101010101010101010101010101010101010101010101010101010101010101
0101010101010101010101010101010101010101010101010101010101010101010101010101010101010101010101010101
0101010101010101010101010101010101010101010101010101010101010101010101010101010010101010101010101010
1010101010101010101010101010101010101010101010101010101010101010101010101010101010101010101010101010
1001010101010101010101010101010101010101010101010101010101010101010101010111111011110101101010101010
1010101000001011010101010101010101010101010101011010101010101010101010110101111010101010101010101010
1010101010101010101010101010101010101010101011010101010101010101010101010101010101010101010101010101
01010101101010101000111101011011101011111101010?0010101011010011100101010101110110000101001010101010
1010101010101010101010101010101010101010101010101010101010001010101010101010101010101010101010101010
1010101010101010101010101010101010101010101010101010101010101010101010101010101010010101010101010101
0101010101010101010101010101010101010101010101010101010101010101010101010101010101010101010101010101
0101010010101010101010101010101010101010101010101010101010101010101010101010101010101010101010101010
1010101010101010101010101010100010101010101010101010101010101010101010101010101010101010101010101010
1010101010101010101010101010101010101010101010101010100101010101010101010101010101010101010101010101
0101010101010101010101010101010101010101010101010101010101010101010101010101010010101010101010101010
1010101010101010101010101010101010101010101010101010101010101010101010101010101010101010101010101010
1010010101010101010101010101010101010101010101010101010101010101010101010101010101010101010101010101
0101010101010101010101010101010101010101010101010101010101010101010101010101010101010101010101010101
0101010101010101010101010101010101010101010101010101010101001010101010101010101010101010101010101010
1010101010101010101010101010101010101010101010101010101010101010101010101010101010010101010101010101
0101010101010101010101010101010101010101010101010101010101010101010101010101010101010101010101010101
0101001010101010101010101010101010101010101010101010101010101010101010101010101010101010101010101010
1010101010101010101010101010101010101010101010101010101010101010101010101010101010101010101010101010
1010101010101010101010101010101010101010101010101010010101010101010101010101010101010101010101010101
0101010101010101010101010101010101010101010101010101010101010101010101010101010101010101010101010101
0101010101010101010101010101010101010101010101010101010101010101010101010101010101010101010101010101
0101010101010101010101010101010101010101010101010101010101010101010101010101010101010101010101010101
0101010101010101010101001010101010101010101010101010101010101010101010101010101010101010101010101010
1010101010101010101010101010101010101010101010010101010101010101010101010101010101010101010101010101
0101010101010101010101010101010101010100101010101010101010101010101010101010101010101010101010101010
1010101010101010101010101010101010101010101010101010101010101010101010101010101010101010101010101010
1010101010101010101010101010101010101010101010101010101010101010101010101010101010101010101010101010
1010101010101010101010101010100010101010101010101010101010101010101010101010101010101010101010101010
1010101010101010101010101010101010101010101010101010101010101010101010101010101010101010101010101010
1010101010101010101010101010101010101010101010101010101010101010101010101010001010101010101010101010
1010101010101010101010101010101010101010101010101010101010101010101010101010101010101010101010101010
0101010101010101010101010101010101010101010101010101010101010101010101010101010101010101010101010101
0101010101010101010101010101010101010101010101010101010101010101010101010101010101010101010101010101
0101010101010101010101010101010101010101010101001010101010101010101010101010101010101010101010101010
1010101010101010101010101010101010101010101010101010101010101010101010101010101010101010101010101010
1010101010101010101010101010101010101010101010101010101010101010101010101010101010101010101010010101
0101010101010101010101010101010101010101010101010101010101010101010101010101010101010101010101010101
0101010101010101010101010101010101010101010101010101010101010101010101010101010101010101010101010101
0101010101010101010101010101010101010101010101010101000101010101010101010101010101010101010101010101
0101010101010101010101010101010101010101010101010101010101010101010101010101001010101010101010101010
1010101010101010101010101010101010101010101010101010101010101010101010101010101010101010101010101010
0101010101010101010101010101010101010101010101010101010101010101010101010101010101010101010101010101
0101010101010101010101010101010101010101010101010101010101010101010101010101010101010101010101010101
0101010101010101010101010101010101010101010001010001010101010101010101010101010101010101010101010101
0101010101010101010101010101010101010101010101010101010101010101010101010101010101010101010101010101
0101010101010101010101010101010101010101010101010101010101010101010101010101010101010101010101010101
0101010101010101010101010101010101010101010101010101010101010101010101010101010101010101010101010101
0101010101010101010101010101010101010101010101010101010101010101010101010101010101010101010101010101
0101010101010101010101010101010100101010101010101010101010101010101010101010101010101010101010101010
1010101010101010101010101010101010101010101010101010101010101010101010101010101010101010101010101010
1010101010101010101010101010101010101010101010101010101010101010101010101010101010101010101001010101
0101010101010101010101010101010101010101010101010101010101010101010101010101010101010101010101010101
0101010101010101010101010101010101010101010101010101010101010101010101010101010101010101010101010101
0101010101010101010101010101010101010100101010101010101010101010101010101010101010101010101010101010
1010101010101010101010101010101010101010101010101010101010101000101010101010101010101010101010101010
1010101010101010101010101010101010101010101010101010101010101010101010101010101010101010101010101010
1010101010101010101010101010101010101010101010101010101010101010101010101010101010101010101010101010
1010101000101010101010101010101010101010101010101010101010101010101010101010101010101010101010101010
1010101010101010101010101010101001010101010101010101010101010101010101010101010101010101010101010101
0101010101010101010101010101010101010101010101010101010001010101010101010101010101010101010101010101
0101010101010101010101010101010101010101010101010101010101010101010101010101010010101010101010101010
1010101010101010101010101010101010101010101010101010101010101010101010001010101010101010101010101010
1010101010101010101010101010101010101010101010101010101010101010101010101010101010101010101010101010
1010101010101010101010101010101010101001010101010101010101010101010101010101010101010101010101010101
0101010101010101010101010101010101010101010101010101010101010101010101010101010101010101010101010101
010101010101010101010101010101010101010101010101010101010101010101010101010101010101?010101010101010
1010101010101010101010101010101010101010101010101010101010101010101010101010101010101010101010101010
1010101001010101010101010101010101010101010101010101010101010101010101010101010101010101010101010101
0101010101010101010101010101010101010101010101010101010101010101010101010101010101010101010101010101
010101010101010101010101010101010101010101010101010101??10101010101010101010101010101010101010101010
1010101010101010101010101010101010101010101010101010101010101010101010101010100010101010101010101010
1010101010101010101010101010101010101010101010101010101010101010101010101010101010101010101010101010
1001010101010101010101010101010101010101010101010101010101010101010101010101010101010101010101010101
0101010101010101010101010010101010101010101010101010101010101010101010101010101010101010101010101010
10101010101010101001????????????????????????????????????????????????????????????????????????????????
????????????????????????????????????????????????????????????????????????????????????????????????????
????????????????????????????????????????????????????????????????????????????????????????????????????
????????????????????????????????????????????????????????????????????????????????????????????????????
????????????????????????????????????????????????????????????????????????????????????????????????????
????????????????????????????????????????????????????????????????????????????????????????????????????
????????????????????????????????????????????????????????????????????????????????????????????????????
???????????????0????10101010101111111011010101010101010101010101010101010101010101010101010101010101
0101010101010101010101010101010101010101010101010101010100101010011010101010101101101010101010110101
1111111111101011011010101010101010101010101010101010101010101001010101010101010101010101010101010101
0101010101010101010101010101010101010101010101010101010101010101010101010101010101010010101010101010
1010101010101010101010101010101010101010101010101010101010101010101010101010010101010101010101010101
0101010101010101010101010101010101010101010101010101010101010101010101010101010101010101010101010101
0101010101010101010101010101010101010101010010101010101010101010101010101010101010101010101010101010
1010101010101010101010101010101010101010101010101010101010101010100101010101010101010101010101010101
0101010101010101010101010101010110101010101010101010101010101010101010101010101010001010101010101010
1010101010101010101010101010101010101010101010101010101010101010101010101010101010101010101010101010
1010101010101010101010101010101010101010101010101010101010101010101010101010101010101010101010101010
1010101010101010101010101010001010101010101010101011111011101011010101010101010101010010101010101010
1010101010101010101010110101011010101001010110101010101010101010101010101010101010101010101010101010
1010101010101010101010101010101010101010101010101010101010101101010101010101010101010101001101010101
00000001110101010101010101010101110111101011011?1000101011101011001110001010101010101010101010101010
1010101010101010101010101010101010101010101010101010101010101010101010101001010101010101010101010101
0101010101010101010101010101010101010101010101010101010101010010101010101010101010101010101010101010
1010101010101010101010101010101010101010101010101010101010101010101010101010101010101010101010101010
1010101010101010101010101010010101010101010101010101010101010101010101010101010101010101010101010101
0101010101010101010101010101010101010101010101010101010101010101010101010101010101010101010101010101
0101010101010101010101010101010101010101010101010101010101010101010101010100101010101010101010101010
1010101010101010101010101010101010101010101010101010101010101010101010101010101010101010101010101010
1010101010101010101010101010101010101010101010101010101010101010101010101010101010101010101010101010
1010101010101010101010101010101010101010101010101010101010101010101010101010101010101010101010101010
1010101010101010101010101010101010101010101001010101010101010101010101010101010101010101010101010101
0101010101010101010101010101010101010101010101010101010101010101010010101010101010101010101010101010
1010101010101010101010101010101010101010101010101010101010101010101010101010101010101010101010101010
1010101010101010101010101010101010101010101010101010101010101010101010101010101010101010101010101010
1010101010101010101010101010101010101010101010101010101010101010101010101010101010010101010101010101
0100010101010101010101010101010101010101010101010101010101010101010101010101010101010101010101010101
0101010101010101010101010101010101010101010101010101010101010101010101001010101010101010101010101010
1010101010101010101010101010101010101010101010101010101010101010101010101010101010101010101010101010
1010101010101010101010101010101010101010101010101010101010101010101010101010101010101010101010101010
1010101010101010101010101010101010101010101010101010101010101010101010101010101010101010101010101010
1010101010101010101010101010101010101000101010101010101010101010101010101010101010101010101010101010
1010101010101010101010101010101010101010101010101010101010101010101010101010101010101010101010101010
1010101010101010101010101010101010101010101010101010101010101010101010101010101010001010101010101010
1010101010101010101010101010101010101010101010101010101010101010101010101010101010101010101010101010
1010001010101010101010101010101010101010101010101010101010101010101010101010101010101010101010101010
1010101010101010101010101010101010101010101010101010101010101010101010101010101010101010101010101010
1010101010101010101010101010101010101010101010101001010101010101010101010101010101010101010101010101
0101010101010101010101010101010101010101010101010101010101010101010101010101010101010101010101010101
0101010101010101010101010101010101010101010101010101010101010101010101010101010101010101010101010101
0101010101010101010101010101010101010101010101010101010101010101010101010101010101010101010101010101
0101010101010101010101010101010010101010101010101010101010101010101010101010101010101010101010101010
1010101010101010101010101010101010101010101010101010101001010101010101010101010101010101010101010101
0101010101010101010101010101010101010101010101010101010101010101010101010101010101010101010101010101
0101010101010101010101010101010101010101010101010101010101010101010101010101010101010101010101010101
0010101010101010101010101010101010101010101010101010101010101010101010101010101010101010101010101010
1010101010101010101010101010101010101010101010101010101010101010101010101010101010101010101010101010
1010101010101010101010101010101010101010101010010101010101010101010101010101010101010101010101010101
0101010101010101010101010101010101010101010101010101010101010101010001010101010101010101010101010101
0101010101010101010101010101010101010101010101010101010101010101010101010101010101010101001010101010
1010101010101010101010101010101010101010101010101010101010101010101010101010101010101010101010101010
1010101010101010101010101010101010101010101010101010101010101010101010101010101010101010101010101010
1010101010101010101010101010101010101010101010100010101010101010101010101010101010101010101010101010
1010101010101010110101010101010101010101010101010101010101010101010100101010101010101010101010101010
1010101010101010101010101010101010101010101010101010101010101010101010101010101010101010100101010101
0101010101010101010101010101010101010101010101010101010101010101010101010101010101010101010101010101
0101010101010010101010101010101010101010101010101010101010101010101010101010101010101010101010101010
1010101010101010101010101010101010101010101010101010101010101010101010101010101010101010101010101010
1010101010101010101010101010101010101010101010101010101010100101010101010101010101010101010101010101
0101010101010101010101010101010101010101010101010101010101010101010101010101010101001010101010101010
1010101010101010101010101010101010101010101010101010101010101010101010101010101010101010101010101010
1010100101010101010101010101010101010101010101010101010101010101010101010101010101010101010101010101
0101010101010101010101010101010010101010101010101010101010101010101010101010101010101010101010101010
10101010101010101010100101010101?1010101011010101010101010101010101010101010101010101010101010101010
1010101010101010101010101010101010101010101010101010101010101010101010101010101010101010101010101010
10101010101010101010101010
