Samples:
o101110011111110111100000111111111011111001100000011111110011000000111111100111000001011111101111111
0111111100110000001110000001111110011111111111111100111000001111000001111111011111110011111100101111
1001100000011100000011111110101111100110000001111111001100000010100000011111110111000000111100000000
0011100111000000111111001110000001111111111111110111100000111111111111111001111111010111111011000000
1111000001100000010100000011111100101000000111111101011111001100000011111110011100000111100000111111
1011100000011000000111000000110000001011111001111110011111110111100000111111101111111101110000011111
1110111111101110000001111111011100000011111100111100000111111101110000001111110011100000011111110110
0000011100000011111110111011100111111111111111001111111011100000011000000111111111110111001100000011
1111100110000001111111001100000011100000011111110101100000110000001011111001100000011110000011111111
1111111001111110011111110011111111111100001110111001100000011101110011110000111111001101110011111100
1010000001111110011111100111111110111000001111111101100110011111110111000000111111001011111001100000
0111111101110111001111111011111110011000000000000001110011111110110011101110000001111111010111110011
0000001111111010100000011111110111100000110000001111111011100000011111100101111100111111001111111001
1100000110100001111000001111111011111110011000000111111001110000001100000011110000011111100111000001
1110000011000000111111100110000001111111001100000011111110111011100110000001110111001111111011100000
0110000001110000001100000011000000111000000110000001011111001111111111100000111100000111111001011111
1011000000111111110110000001100000011111111111100000111000000110000001111110011100000011100000111111
1001111110011111110111111100110000001110000001100000011111111011000000111111101111111001111110011100
0000111111001111000001100000110111111100111111001111111001100000011111111011011100111111101111000001
1111100101000111111101111111001100000011110000111111100110000001110000001100000011100000011000000111
1000010111110011111100111111100111111111111000011111110011111110101111100111000001111000001100000011
1111101111000001100000011111110011111110111111111111111001110000011100000011111100111000000111000001
1111100111111100111111101111111001100000011100000111111100111111001011111001111110011111110011000000
1110000011100000011000000111111110111111001111111111100000011100000111100001110000111111101111111001
1000000101000000110000001111111001101110011111110111111100111111101011111001111110011111110111111100
1100000011111110011000000110000001111111001110000010110000011111100111111111110000001111110010111010
0110000001110000001111110011111100111111100111111001111111101111110011111111111000000111110111101101
1100111111001111111001111110011111110111100000111111001011111101100000011100000011111100111111001010
0000011000000111000000111111101111111101111110011111110111000000110000001111111001111110011111110011
1000001100000011111110011111110111110000110000001110000001100000011000000111111100110000001100000001
1000000111100001111111101111000011100000011000000111000000111100001111000011100000011000000111000000
1100000011111110011000000111111001111111001111110011110000011111100111000001111111001111111011111111
0111111101011111001110000011110000011000000111111101010000001111110011100000011111110111111101111000
0011111110101000000111111001110000001111110011000000111111100111000001111111111100110000001111111001
1111100111111001110000001100000011110000011000000111111101111000001110000011111111011000000111111101
1110000011111110111111110110000001111111101111111011111110111110000111111001111000001100000011000000
1111000001100000011111110011000000111111111111111001111110010111111011111100101111110110000001100000
0011000000110000001111111001111110011100000011000000111111101111111001100000011111110011000000111111
1111111110011111100101000000110000001111111001110000011111110011000000111111101111111001100000011111
1100110000001110000011100000011000000111100000111111001111111011111111111100000111111100110000001110
0000011111100111111001111111001100000010100000011111111110000001110000001100000011100000011111100111
1111001100000011100000111100000111111001111100001100000011111110111111110111111001011111001111110011
1111110110000001111111011111110011000000111000000110000001111000011111110011100000101000000110000001
1100000111100000110000001111111101110000011111110011111110111111101111111101100000011111110011000000
1111111001111110011111110111000000111111010000001100000111000000111001100000011100000111011110110000
0011111110011111100111111101110000001100000011111111011000000111111100110000001111000011101110011111
1001010000001100000011111111011000000111100001110000001111111010111110011111100111111100110111001100
0000111111110111000001111111001100000011101111110111000000110000001111111110111110011000000111100000
1100000011100000011000000111000001111111001111110010111111011000000111111100111000001111100011111110
0111111001111111001111111011111110111111100110000001111111101111110011111110111011100111111101110000
0011111100111111111111111001111110011100000011111100111111100110000001111110011100000011111100111111
1101100000011111110101111100111000001111100001100000011111110011000000111111001010000001111110011111
1100110000001111110010111110011111100111000000110000001110000011100000011111100111111100110000001111
1111111111100111000001111111001111110010111110011000000111000001111000001111111111111111111111111111
1111111111110011111110111000001111100011110000111100000110000001111111001110000011000000111000000111
1111011100000011000000111111100111111101100000011111000011000000111000000110000001111111011101110011
0000001111000001111110011111111111000000111111001011111001100000010100000011111100111000000111000001
1000000111000000111111001111000001100000011100000011100000111111101111111001111110011100000011100000
1110000011100000011111111111000000111111001100000011100000011111100101000000111111101111111001100000
0111000001111000001111110011110000011111110111111101110000001111110010111111011111100111111101110000
0011110000111000000110000001111111001100000011100000111000000111111001111111101111110011111100111111
1001111110011100000011100000111111101110111001100000011100000011000000111111101111000001111111111100
0000110000001111111011111110011111100111000000110000001111111011100000011111110111111100111111101111
1110111100000111111101111111001100000010111110011000000111000000111111001100000011100000011111100111
1111011111110011000000111000000111111001111111001111110011111111010000011111100111000001111000001111
1110111111100110000001111111101100000011100000111111110111111101110000001100000011111110011111100111
1111111111110011000000101111111111000001111111011111110011111100101000000110000001111000001111110011
1100001110000001100000011100000011000000111111100111111001100000011110000011111100110111111101011000
0011111100111111101110000001100000011111110011111100111111111110000001100000010111110011100000111111
1001100000011111100111111100111111001011000001100000011111110111111100111111001111111001100000011111
1101110000001100000011111110011000000111111001111111001111110010111000011100000101100000111111001111
1110111000000111110001111111001110000011110000011000000110000001110000001100000010111111111000000111
0000011100000011111100111111100110000001110000001111110011111100111111100111111001111111101100000011
1000000110000001111110010111000011111100111111100110000001111111011100000011111111101111100111111101
1100000111111100111000001011111101110000011111111111111100111111001100000010111110011000000111111100
1100000011111111111000000111111001110000001110000011100000111111100110000001111000001100000011100000
0110111101111110011111111011111110111111100111000001111110010111111111111100111000000111111001100110
0111111100111111001111111001111110011111110011111100111100001110111001110000010111110011100000111111
1101100000011100000111100000111111101010000001111110011111110111111100111111001011111101111111011100
0000111111101110000001110110011111110111111110111111001010000001111111011100000011000000111000001111
1111011111100111111100111111001111111111100000011000000101000000110000001111111101111110011000000111
1000001111110011111111011100000111111100110000001110000010100000011111110111111100111111101111111011
1100000111111001011111101100000011100000011111100111000001111000001100000010111110011100001000011011
1001110000011111111111100000111111100111111101111000011111110011100000111110101000000111111001111100
0011111100111111101110000001111110010100000011000000111111100110000001110000011111110011000000111111
1001110000011100000011000000111100001111100001111111011111110011101110111111101110000001111110010111
1100111111101111111011110000011000000111100000110000001110000001111110011100000111111110111111001111
1110011000000110111111100111111001111111001100000011111000101111100110000001011111001111110011111110
1110000001111100011111111011000000111111100110000001100000011100000011000000111111110111111101110000
0111111100110000001111111101111110011111000011111100111111101111111101011111110110000001100000011100
0000111111101111111001100000000000000000000000000011111111011111110111111100111000001011111001111110
0111100000111111111111111111100000011111100111100000111111111100000011111111011111100111000000110000
0011111111101111100110000001111111101100000011100000011111110111111001111111001110000011111110011011
1001110000001111111111000000111000000111111101111111001110000011111111111100000111111001110000001100
0000111000001111111001100000011100000011000000111111001111000001111111011110000011101100111000000110
0000011111100111100000111111111111111101111111011000000111111100111111111111111001110000011111110111
1111001111110011110000011111110111111001010111001111110010111000011111100111111111110000001100000011
1111110111100000000000000000000000000000000000000010000000000011000000000000000000000000000000000000
0000000000000011000000000000000000000000000000000000000000000000000000000000000000000000000000000000
0000000000000000000000000000000000000000000000000000000000000000000000000000000000000000000000000000
0000000000000000000000000000000000000000000000000000000000000000000000000000000000000000000000000000
0000000000000000000000000000000000000000000000000000000000000000000000000000000000000000000000000000
0000000000000000000000000000000000000000000000000000000000000000000000000000000000000000000000000000
0000000000000000000000000000000000000000000000000000000000000000000000000000000000000000000000000000
0000000000000000000000000000000000000000000000000000000000000000000000000000000000000000000000000000
0000000000000000000000000000000000000000000000000000000000000000000000000000000000000000000000000000
0000000000000000000000000000000000000000000000000000000000000000000000000000000000000000000000000000
0000000000001000000000000000000000000000000000000000000000000000000000000000000000000000000000000000
0000000000000000000000000000000000000000000000000000000000000000000000000000000000000000000000000000
0000000000000000000000000000000000000000000000000000000000000000000000000000000000000000000000000000
0000000000000000000000000000000000000000000000000000000000000000000000000000000000000000000000000000
0000000000000000000000000000000000000000000000000000000000000000000000000000000000000000000000000000
0000000000000000000000000000000000000000000000000000000000000000000000000000000000000000000000000000
0000000000000000000000000000000000000000000000000000000000000000000000000000000000000000000000000000
0000000000000000000000000000000000000000000000000000000000000000000000000000000000000000000000000000
0000000000000000000000000000000000000000000000000000000000000000000000000000000000000000000000000000
0000000000000000000000000000000000000000000000000000000000000000000000000000000000000000000000000000
0000000001000000000000000000000000000000000000000000000000000000000000000000000000000000000000000000
0000000000000000000000000000000000000000000000000000000000000000000000000000000000000000000000000000
0000000000000000000000000000000000000000000000000000000000000000000000000000000000000000000000000000
0000000000000000000000000000000000000000000000000000000000000000000000000000000000000000000000000000
0000000000000000000000000000000000000000000000000000000000000000000000000000000000000000000000000000
0000000000000000000000000000000000000000000000000000000000000000000000000000000000000000000000000000
0000000000000000000000000000000000000000000000000000000000000000000000000000000000000000000000000000
0000000000000000000000000000000000000000000000000000000000000000000000000000000000000000000000000000
0000000000000000000000000000000000000000000000000000000000000000000000000000000000000000000000000000
0000000000000000000000000000000000000000000000000000000000000000000000000000000000000000000000000000
0000000000000000000000000000000000000000000000000000000000000000000000000000000000000000000000000000
0000000000000000000000000000000000000000000000000000000000000000000000000000000000000000000000000000
0000000000000000000000000000000000000000000000000000000000000000000000000000000000000000000000000000
0000000000000000000000000000000000000000000000000000000000000000000000000000000000000000000000000000
0000000000000000000000000000000000000000000000000000000000000000000000000000000000000000000000000000
0000000000000000000000000000000000000000000000000000000000000000000000000000000000000000000000000000
0000000000000000000000000000000000000000000000000000000000000000000000000000000000000000000000000000
0000000000000000000000000000000000000000000000000000000000000000000000000000000000000000000000000000
0000000000000000000000000000000000000000000000000000000000000000000000000000000000000000000000000000
0000000000000000000000000000000000000000000000000000000000000000000000000000000000000000000000110010
1001001010000011111010001100000011111111101011110000001111111101100000011110000011111110110000001111
0000011111111111000000110000001011111101111111111111110111111100111111001111000001111110011100000011
1111001110000011111111011000000111111000111000001110000001100000011111111111111100111111001111111001
1000000111111101110111001111110011111111011000000111111100111111001111000011111111111111100101000000
1111111111110000111000000110000001111111101100000011100000011111110110000001111111001111110011100000
0110000001110000011110011111100011111110111111001111000001111111111111111100000111000001111111101100
0000101111110111011001110000011111110011111111101001111111001111011111100110000001110011111110011111
1111010000001100000011111110111001000110000001111111001111110011111000011100000111111101011111001110
0000111101011000001111111111111111101110011111111101000111000000111111101111111101111111111100000011
1100001111111101101110011100000111000000111111101011111001111110011110000111100000110000011111111001
1110000111111100110000001111111011100000011100000101000000110011101111111011111111011111100110000001
1101110011110000111111100111111110001110000000000110011111110111100001110111101100000011100000011000
0001111111011111110011111100111111110111111001111111011100000011111100111000000111111001111111001111
1100111111101111000001111111111111110011000000111111110111111111111000111100000011111110101000011111
1111010111111011000000101000000110000011011000001111111011100000011000000101111100111111101111111011
1111100111111001111111011111000011111110111011100110000001111111101111110011111111011000111111111111
1111111011111110111000000111111101111111001100000011111111111111100110000000111100001111111011101110
0111111111110110001111111111111110111000000111100001111111001111111110100000011111111111000000111111
1011110000011111101100000011110000111000000111000001111111101110000011100000011000000110000001110000
0011000000111000000110000001111000011100000011111100111100000111111101111110011111110011000000111111
1101100000011111110111111110111111001111111001111110011100000011000000110000001111111101110000011111
1100110000001111111111111111111000000111111110111000001111111001100000011111110111100000111111001011
1000011111110110000001110000001111111011111110011000000111111101111111101111110011111110011111100111
1111011111110011111100111000001110111001110000011100000011111100111100001111111101111111011100000011
1111101111111001111000011111110111011100110000001111111001111110011111111011111100111111001110000001
1000000111000001110000001111111011111110011111111111111111110000001100000011100000011111100111100000
1111100011111111111111100111111001110000001100000011000000111111100111000001011000001111110011111111
1111111001111110011000000011000000111100001110000001111110011111110011111110111111100111111101100000
0111111110110000001111111111100000011100000111000111111111111111001111111010111110011111110111111100
1110000011111110111111100111111001111000001100000011100000111000000111100001111111001110000011100000
1111000001100000011111111111111100111000000111000001110000001100000011111110111000000111111001111111
1011100000111100001110000001100000011111110011000000111110000011011100000111110001110000001100000011
1000000110000001111110010100000011000000111100000110000001111111011111110011000000111100000111100001
1111110011111100111111110111000001111111011101110011000000111000000111111001110000001111110011111100
1110000001111110011110000011111100111111101110000001100000011110000011000000111000000110000001111000
0111111100111111111110000001111110011111110111000000111111001110000011110000011111110111011100110000
0011111110011000000111111100111111101111111011110000011111110111100000110000001111111001111110011000
0001111111001100000011111110011100000111000000111000001111111010100000011000000111000000111000001110
0000011111100111111101110000001100000011111000001111111111100000011100000011111100111111101111000001
1000000111000000110000001111000001100000011111110111111100111111101110000001111110011100000011000000
1111110011111110011111110111111111111111001111110011100000011111110111111101110111001111111111111111
0111100001111111111111110011111111110000011100000111111101111111001100000011100000011111100111100000
1100000011111110111100000110000001111111001100000011111110111011100110000001110000001100000011111110
0111000111111001100000011111110011111100111000001111000001111000011111110011111100111111100110111001
1000000111100000111111101111111011110000011000000111000000111000001111000011101111011111100111111110
1111110011000000011111100111111001111111001111110011111111011111110110000001110000001111111011100000
0111000001011111110001100011100000111111100111000001110000001111110011110000111111100111111001111110
0111100000111000001111000001100000011111111011000000111111111111111001111110011111110011111100111111
0011111110011100000101111100111000001111111101111110011111110111111100111111101110000001111111011111
1001111111101111111011111110011111100111111101110111101111111011111110011111111111111101111111001111
1100111111110111111101111111011101110011111111111000000110000001110000001111110011111100111111110111
1110011111110011100000111111101111000001111111011111110011111110111111111110000001100000011100000011
0000001110000001111110011111100111111100110000001110000001111110011100000011111110111111100110000001
1110000111000000110000001110000001100000011000000111100000111111000110011111100111000001111111001111
1110111000000111000001111100001100000011111110111011100111111111110000001100000011100000011000000111
0000011111111011100000101111100110000001111111011100000011111110101111110111111001111000011110000011
1000001111000001110000011100000011000000111111111110000001111110011110000011100000111111010111110011
0000001111111111111110011111110111111100110000001111111001110000011000000111011100110000001111111101
1111100111000000110000001111110011111110111111100111111101111000001111111111110000011000000111111101
1101110011111100101000000110000001111111011111111011111110101110000111111101100000001100000011000000
1110000001111111111111110011100000111111100111111001111111011100000011000000111111110110000001110000
0111111110111111101011000001100000011100000111110000111111101111000001111110011111110011100000110000
0001111110011111100101111100111000001110000001111110011111000111000000111111101011000001100000011100
0000111111001111111011111110011000000111110000110000001110001111000000111000001111111001111110011111
1110111111001110000001111110011100000111100000111111001110000001111110011111110101111110110000001110
0000011000000111111001111111001100000011100000011111100110000001110000001100000011100000011000000111
0000011111111011000000111100000110000001111111011111110011000000101000000111111101011111001111111111
1111110111111001100000011100000011000000111111101110000001111111011111110011000000111111001110000001
1111111111111101111111001100000011101110011000000101111110110000001111111111111111011111110111111100
1100000011100000011000000111111111110111001110000010110000011000000111000000110000001111110010100000
0111111001110000011111110011000000111000000111111001111111001111110011100000111111100111000001111000
0011011100111000001111111001100000011100000011000000111111001110000001111110011100000011111100110000
0011100000011000000111111110110000001110000011111110011111110111100000111011001111111001110000011100
0001111111101110000011111110011111100110000001111111001100000011110000011111100110000001110000001111
1100110000111111100111000001100000011100000011111110111111111110000001110111101100000011111110111111
1001100000011100000011000000111111111110000001111000011100000011000000111111100111111001110000001100
0000111111111111111101111111011111000011000000111111100111111001110000011111110011111110111000000111
1110011100000111111111100111111001111110010100000011111111111100001111000001110000010111110011111100
1111000011100000011111110111000000110000001110000001100000011100000111000000110000001111000001100000
0111111111110111001100000011111110011100000111111111110111001111111011111110011000000111111100111111
0011100000111100000110000001110000001101110011111110111111100110000001111000011111110011000000101100
0001100000011100000111000000111111101110000001111110011100000011111111111111101111111001111110011100
0000111111001111110011101110011000000101100000110000001111110011101110011111110111111100111111111110
0000111000000111111001111111111101111011000000101000000110000001110000001111111011100000111111100110
0000110011111110011011100111000001111111111100000011111000011111100111111101111111001100000011111110
0111111101110000001111110011100000111000000111111101111111001110000011111111111100000111111111010011
0000001111000011111111011000000111100000111000001111111011100000011111110111000000111111101100000011
1100000111111001110000001111110011111100111111100111000001111111001111111011111110011100000111111101
1111110011111100101000000111111001111110011101110011111111111000000111111101111111011100000011000000
1011111001100000011111111111011110111111001010011101110011000000011111111111101100000011111110111000
0001111111011111110011000000101100000111111101111000001111000011111111111111100111111001111111001111
1100111000001111111001111111111110000011111100111111101010000001100000011111110011111100111100001110
0000011111110111111110111111111111111011100000011000000111111100111000001110000011110000011000000111
1000001111110011110000111110000111111101111000001111100011100000011000000110000000111111001110000011
1111110110000001011111001100000010011111110101000000111111001111111001100000011110000111111100111111
1011111110011011100111111101110111001111110011110000011000000101001110000001110000010100000011000000
1111000001110000011111110011111111111111100111111001010011111110111000000111111001111111001111110011
1111100111111001110000001110000011000000000111111101111111101100000011110000011000000111111001110111
1011111100111111100111000001111111011101111011111110111111100111111111111100001100000011110000111011
1001100000011110000011100000111111101110110000010000000000000001001001010100000000010000000101000000
0010001100000000000000000000000000000000000000000000000000111100000000000000000000111000000000000000
0000000000000000000000000000000000000000000000000000000000000000000000000000000100000000000000000000
0000000000000000000000000000000000000000000000000000000000000000000000000000000000000000000000000000
0000000000000000000000000000000000000000000000000000000000000000000000000000000000000000000000000000
0000000000100000000000000000000000000000000000000000000000000000000000000000000000000000000000000000
0000000000000000000000000000000000000000000000000000000000000000000000000000000000000000000000000000
0000000000000000000000000000000000000000000000000000000000000000000000000000000000000000000000000000
0000000000000000000000000000000000000000000000000000000000000000000000000000000000000000000000000000
0000000000000000000000000000000000000000000000000000000000000000000000000000000000000000000000000000
0000000000000000000000000000000000000000000000000000000000000010000000000100000000000000000000000000
0000000000000000000000000000000000000000000000000000000000000000000000000000000000000000000000000000
0000000000000000000000000000000000000000000000000000000000000000000000000000000000000000000000000000
0000000000000000000000000000000000000000000000000000000000000000000000000000000000000000000000000000
0000000000000000000000000000000000000000000000000000000000000000000000000000000000000000000000000000
0000000000000000000000000000000000000000000000000000000000000000000000000000000000000000000000000000
0000000000000000000000000000000000000000000000000000000000000000000000000000000000000000000000000000
0000000000000000000000000000000000000000000000000000000000000000000000000000000000000000000000000000
0000000000000000000000000000000000000000000000000000000000000000000000000000000000000000000000000000
0000000000000000000000000000000000000000000000000000000000000000000000000000000000000000000000000000
0000000000000000000000000000000000000000000000000100000000000000000000000000000000000000000000000000
0000000000000000000000000000000000000000000000000000000000000000000000000000000000000000000000000000
0000000000000000000000000000000000000000000000000000000000000000000000000000000000000000000000000000
0000000000000000000000000000000000000000000000000000000000000000000000000000000000000000000000000000
0000000000000000000000000000000000000000000000000000000000000000000000000000000000000000000000000000
0000000000000000000000000000000000000000000000000000000000000000000000000000000000000000000000000000
0000000000000000000000000000000000000000000000000000000000000000000000000000000000000000000000000000
0000000000000000000000000000000000000000000000000000000000000000000000000000000000000000000000000000
0000000000000000000000000000000000000000000000000000000000000000000000000000000000000000000000000000
0000000000000000000000000000000000000000000000000000000000000000000000000000000000000000000000000000
0000000000000000000000000000000000000000000000000000000000000000000000000000000000000000000000000000
0000000000000000000000000000000000000000000000000000000000000000000000000000000000000000000000000000
0000000000000000000000000000000000000000000000000000000000000000000000000000000000000000000000000000
0000000000000000000000000000000000000000000000000000000000000000000000000000000000000000000000000000
0000000000000000000000000000000000000000000000000000000000000000000000000000000000000000000000000000
0000000000000000000000000000000000000000000000000000000000000000000000000000000000000000000000000000
0000000000000000000000001100000000000000000000000000000000000000000000000000000000000000000000000000
0000000000000000000000000000000000000000000000000000000000000000000000000000000000000000000000000000
0000000000000000000000000000000000000000000000000000000000000000000000000000000000000000000000000000
0000000000000000000000000000000000000000000000000000000000000000000000000000000000000000000000000000
0000000000000000000000000000000000000000000000000000000000000000000000000000000000000000000000000000
0000000000000000000000000000000000000000000000100000000000000000000000000000000000000000000001100011
0011100100000000000000000000000000000000000000000000000000000011000000110111000000000001111111011100
0000111111111011111101100000010111110011111100111100000110000001111111001111111011111110111011110111
1111010100000011000000111111100110000001111111001111111011110000011000000111111101110000001111000001
1000000111111101110000001111111011100000011111000111111100110000001111111111001111111011111111111011
1001110000001100000011111110111011110110000001111111101100001000000001111000001111111101100010011111
1110111000001111111011100000011111111011111100110000001111111111111110010111110011111100111000000111
0000011100000011000000111111100110000001111111111111110011000000111111100110000001111000010111110011
0000001110000001100111011000000111111100111111001110111101100000010111110111111100111000001111111011
1011100110111001111111001100000011111110011100000111111111111100011111111010100000011111111111100001
1100000011111111111111100111111101111111001111111011000000111100000111111101111111001100000011111110
0111000001111111111111100011000000111011100110000001110000001111110011000000111111100111111001111111
0011111100111111101111111101100011111111001111000001100000011111110011100000111111110111111001111110
0111000000111111001110000011111110011111100111000000110000001111000001111110011111110011011110110000
0011101111011000000101111110111111001110000011110000011111111111111101111000001111110011111111011111
1111011111001111111011000000111000000111111001110000001110111111111100111111111111111001011111001100
0000110000000110000001111111011111110011100000111111111111111001111111111111000011100000111100000110
0000011111110111000000110000001110000001111110011111110011111110111110001111111001111110011111110011
1111101111111011100000011111000111000000111111001111111111100000011111100101000000111111101110000001
1100000111111101111111101111111010111111011111110111000000110000001100000011111110011111110111111111
1100000111110101010000001100000011111110011111100111000001010000001100000011100000111111110111111101
0100000011111100111111000111111001111111111100000011000000111100000111111101111111011111110011111100
1111000001111110011111110111111100110000001111111001110000011111111111000000111111101111111001100000
0111111111110111101110001111011111111011100000111000000110111001100000011110000011111100111111100110
0000011111110101000000111111101111100001100000011111100111000000111111001111111001111110011111110101
0000001100000011110000011111110111111111110000001111111011100000011000000111100001111111001111110011
1000000110000001111111001100000011110000011000000111111101011111101100000011111111011011100110000001
1110000011000000101000000111100001110000011100000011111100111111110110000001111000001111110011111110
0111000001111111111100000011000000101111110110000001110000001100000011111100111100000110000001111111
0011111100111111101111111001100000011111000011100000111111100111000001111111111111110011111110101000
0001111110100110000001011111001111111111110000011111110111000001111111001111110011100000111100000111
0000001100000011100000011000000000000011111111111001111110011000000111111110111111101110000001111111
1011110000111000001110111101111110010111000011111100111000000111111101111110011111110011100000101111
1001100000011110000111111100111111001010000001111111111100000011111100111100001110000001110000011111
1111111000001100000001110000011100000111000000111111111011111101100000011100000011111100111111110111
1110011000000111111100111111101100000011111110011100000111100001111111101100000011110000011111110111
1111101100001110000011000000111000000111000001111111011100000011000000101000000110000001110000001100
0000111110001111111101111110011110000011111110110000000111111101111111111110000011111100101100111111
0011000000111000000110000001110000001111111011111110111100000110000001111111001101110011000000111111
1111100000011111111111111100111111001010000001111000011111110011000000111111001110000001111111011111
1100111000001111111011100000011100000101000000111100001111100001111111011111110111111100110000001111
1110011000000111000001111111001111111010111111011000000111000000111111001100000011100000011100000111
1100001111110011111110011100000111110001111000001111110011100000011000000111111100111111001111110011
1111100111111001111111001100000011111110111111100110000001010000001110000011100000011111100110000001
1110000011000000111000001110000001110000011101110011000000111111110111111111111011101110011000000111
1111101111000011111111111011110111111001110000001111111011100000011000000111100001111000001110000011
1100000111111001110000001111111011111111111111100110000001111000001101111011000000011111100110000001
1100000011111100111111100110000001110000011111110011100000101000000110000001111101111111111110111111
1001111111011111110011000000111111111111000001111111010100000011111100111100000111000001111111011111
1100111000001110000001100000011000000111110000111000001111111001111110011111111011000000111111101010
0000011111000111111110111111111111110010111110011101110111111101111000001111111111111110011111110111
1111001111110011000000111111110111111001011111101111110011100000111111100111111111110000001111110011
1000000111111001111110011110000011111111111111100110000001111000001100000011111111101000000111111001
1110000111111100111111001010000001111111011111110011111100111000001111000001110000011111000011111100
1111111001100000011111110111111100110000001111111001111110011111101110011000000111000000110000001011
1111011111100111111101110000001111110011110000011111110101000000111111001111110011111111111111111001
1000000101000000110000001110000001100000011100000111100000111111001011100001111110011100000011111110
1100000011111111011000000111100000111111001110000011110000011100000111100000111111001111111001100000
0111111111110000001100000011110000011111111111000000111111001110000001111111111111110111100000111111
0011111110011000000111000000110000001100000011110000011111110111100000110000001110000001100000011000
0001110000001100000011100000011111100110000001111111001100000011111110011111110111100000110000001110
0000011000000111111101111111101111110011100000011000000110000001111000001100000011111111111000000111
1110010100000011111110111110000111111001111111111101110011000000111000000110000001111000001100000011
1000001111000001111111110110000011111110111100000111111001111111011100000011111110101111100111111001
1111110111110000111111111110000001110000011111110111000000111111111011111101100000011110000111111110
1111110011111111111111100110000001111111111100000011000000111111110111111101111111111100000011000000
1011111001111110011111111111000000111111111111000001110000011100000011000000111111001111111101100000
0111111100111111101111110010100000011000000111111100110000001110000011111110011111100101000000110000
0011100000011100000000000001111110011000000111111110111111101110000001100000011111100101111100111111
0011100000111100000111111001010000001100000011111100111000000111000001110000001111110011111110111011
1001100000011110000011000000111100000110000001111000011100000011000000111111110110000001111110011111
1110111111001100000001111110011000000111100000110000001111000001100000011110000111100000110000001111
0000011000000101111100111000001111111111111111111100000111111100111111001111110011111110011000000111
1111101111110011100000011111100111100001111000001100000011111110011111100111000000110000001111111010
1100000111111101111111101101110011000000111000000111111001110000001110000011110000011011100111111101
1111110011111111111011100110000001111111001111110011110000011000000111000001110000001111110010111110
0111111001110000011100000011111111111000000111000001100000011110000011100000111111100111000001111111
0111100000111111001011111001111111010111111111100000111111100111011001111111011100000011000000111000
0001111111011111110111111100111111001111111001100000011100000111111100111111101011111101100000011110
0000110000001110000011111110011000000111111110110000001100000011100000011111100111000000111000001111
1110111000000111000001110000011100000011111111111111100110000001111000001100000011000000111000000111
1111011111110011111100110000000110000001111110010100000011111110101111110111111111110000011101110011
1111001111111001111110011111110011111110110000001111111001110000011111110011100000111000000110000001
1110000111001111110111111001110000001110000011111110111011100111111001111111001111111011110000111111
1001100000011100000011000000101111110110000001110000011100000011000000111111100111000001111000011111
1100111111001010000001111000011111000111100000111000001111111001111110010110000011111110111111100111
1111011111100111111110111111001011000001111111011111100111000000110000001111111101111111011110000111
1111001111111111111110011111110111111001110000001100000011111110011111110111000000111111001111110011
1111100111111001110000001101110011111110111000000111111101111111101100000011100000111000000111111001
1110000011111100111111110111111001111110011100000011000000101111100110000001111111011111111011111110
0101111100110000001011111001110000011100000011000000110000001111111001110000011111110011111110111111
1111100000011111100111000000111111001111111011100000011111111111111100110000001111111001110000011111
1111111111001110000011111110111111100111111001111000001111111111100000111111100111000001011111001111
1100111000000111111001100000011110000011111100111100000111111101111000011111110011111100101000000110
0000011111111011000000111100001110000001111110011100000011000000111111101110000001111111011111110011
1111001111111011111110011111111111000000110000001110000001100000011000000111111100111111001110000011
1111100110000001110000001100000011110000011000000111111111110000001111111010111110011111111111111101
1110000011100000111100000111000001010000001111111011111111111000000111111101110000001111111111111110
0111111001111111010100000011101110111000000111111001111111011100000011000000111111101111000001100000
0101000000111111101111111001111110011111110111000000111111001010000001111000011110000011011100111000
0011110000011000000111000011000000111111111111111101100000011100000011000000111100000110000001100000
0111111100110000001111000001100000011000000111000000111111001011111101100000011110000011000000111111
1111111111011000000111000001111000001100000011110000011111100111100000110000001111111011101110011111
1101011111001110000011111000011000000000000000000000000001010101100000110000001110000001111110011000
0001110000001111110011110000011111100111111101011111001100000011110000011000000111111101111100001111
1100111111100111111111111000011111110011111110111000000111000001111111001100000011111111111111100111
1110011110000011101100111000000111111001111110011110000011000000111100000110000001111110011111111011
0000001111111001100000011100000011000000111110001111111001111111111111110011111110111111100111111101
1111100101111110110000001111111011100000011111100111100000110000001110000011100000011000000111111100
1110000011100000111000000111111101111111101111111111111111111111110110000001111111001100000011111111
1110000001110000011111100000000000000000001000000000000000010000000000000000010000000000000000000000
0011000100000000000000000000000000001100000000000000000000100000000000000000000000000000000000000000
0000010000000000000000000000000000000000000000000000000000000000111000000000000000100000000000000000
0000000000000000000000000000000000000000000000000000000000000000000000000000000000000000000000000000
0000000000000000000000000000000000000000100010000100100000000000101000000000000000000000000010000000
0000000000000110000000000000000000000100000000000000000000000000000000000000000000010000001100000000
0000000000000000000000000000000000000000000000000000000000000001010001100001110001000010001001001010
0010001000000000100000000001010100010000101001000000100001100000000001000000000000000000000010011000
0000000000011110001000000001000011000000000000000000110000000010000000000001000000001100000000000000
0000110000000000000000000100000010000000001001000000000000000110000000000000000000000000000000000000
0000000000000000000000000000000000000000000000000000000000000000000000000000000000000000000000000000
0000000000000000000000000000000000000000000000000000000000000000000000000000000000000000000000000000
0000000000000000000000000000000000000000000000000000000000000000000000000000000000000000000000000000
0000000000000000000000000000000000000000000000000000000000000000000000000000000000000000000000000000
0000000000000000000000000000000000000000000000000000000000000000000000000000000000000000000000000000
0000000000000000000000000000000000000000000000000000000000000000000000000000000000000000000000000000
0000000000000000000000000000000000000000000000000000000000000000000000000000000000000000000000000000
0000000000000000000000000000000000000000000000000000000000000000000000000010000000000000000001100000
0001000000000000001110000001100000000000000000000010000000000000000000000000000000000000000000000000
0000000110000000000000000000000100000000000000000000000000000000000000000000000000000000000000010000
0000000000000111010000000000000000000000000000000000000000000000000000000000000000000000000000000010
0000000000000000000000000000000000000000000000000000000000000000000000000000011101000000000010000000
0000000000000000000000000000000000000000000000000000000000000000000000000000000000000000000000000000
0000000000000000000000000000000000000000000000000000000000000000000000000000000000000000000000000000
0000000000000000000000000000000000000000000000000000000000000000000000000000000000000000000000110000
0111111111111111111111111111111111111111111111111111111111111111111111111111111111111111111101111111
1111111111111100000000000000000000000000000000000000000000000000000000000000000000000000000000000000
0000000000000000000000000000000000000000000000000000000000000000000000000000000000000000000000000000
0000000000000000000000000000000000000000000001110000000111110000000000000000000000000000000000000110
0111000000000000000000000000000000000000000000000000000110000000000000000000000111100000000000000000
0000000000000000011110000000000000000000001100010000000000000000000000000000110000000000000000000000
0000000000001111000000000000000000000000000000000000000000000000000001000000000000000000000000000000
0000000000000000000000000000000000000000000000000000000000000000000000000000000000000000000000000000
0000000000000000000000000000000000000000000111000000111111101111111001111111011100000011111100111111
1001100000011111111011111111111100001110000001111111011111111011111110111100000111111111111111001100
0000111100000111111111111111001110000011111110111000000111111101111000001111111011111110011111111101
1000001111111011111110011111100111111111110000001111111011110000011000000111000000111100001111111001
1100000111000000111111101111111001100000011111010011000000111000000111111111110000001111110011111110
1010000001111111011110000011000000111000000111000001010000001100000011100000011111110111000000111111
1010101110011000000111011100110000001111111101100000011111110011000000111000000110000001110000001111
1110111111100111111001110000001111111011100000011111111110000000111111001111000001100000011111110111
1111101110000011100000011111110111100000110000001110000001100000011111110011100000111000000111111101
0111110011111100101000000111111111111000001100000010100000011111111111111111110000001111111011111110
0111100001110000001111111011100000011111110111011100111111101111100001111111011100000011111100111111
1111111110000111000000111000001111111001111111110111111111000000111110100110000001111111111111111011
1100000110000001111111011111111011000000111011110111111101111111111111110011111010111000000111100000
1111111011000000111111100111111101111111001111110010111111011000000101000000110000001111111101111110
0110000100111111101111111011111111011100000111100000111000001110000001111111011100000011110000111111
0001111111011101110011111110111000000111111111111111001111111011111111111111110110000001111110001110
0000101111100111111101111000001111110011100000111111100110000001110000001111111011111110011111100111
1111001111110010100000011000000111100000111111001011111001111111111100000011111100110000000110000001
1111110111111100110000000110000001110000001100000011111111111111100110000001111111001111111111111111
0111111001110000011100000011110000111011100111111101110111001111110010100000011111100101111100111111
1011100000011111100111000000111111001111000011111110011111111111100000111111101111111001111110011111
1001111111010100000011111111101000000110000001111111011111111111100000111111110110000001111111101111
1100111111111110000001111110011110000011000000111111101111111101100000011111111011000000111111100110
0000011100000011000000111111001111000001100000011100000011100000111000001111111001111111111110000011
0000001111111001111111011111111111000000111111101111111001100000011111110111000000110000001111111001
1111100111000000110000001111111010111110011100000111110000110000001110000011100000011111100111000000
1110000011100000111000000111000001110000001110000011111110111111100110000001111111001110000011111111
0111111001100000011111111011111100111100000111111101111111111100000011100000111000000111111001111000
0111000000110000001110000001110000011111110111111100111111101011111001100000011100000111111100111000
0011110000011011110111100001111000001110000011110000011101100111111110111111001111111011111111011110
0001111111101111110011111110011111100111111101111111001100000011111110011111110111000001111111101111
1100111000000111111001111111011110000011110000111000001111000011000000111111111110000001111110011111
1100111111001110000001100000011100000111111100111111001111111001100000011111110111111100110000001111
1110011111110111000001110111101100000011111111011000000111000000110000001110000011111111011000000111
1111101111110011000000111011100111111001010000001100000011110000111111101100111111001110000001111110
0111111101111111101100000011111110011000000111000000110000001111111011101110011100000111111100111111
1011110000011111110111111100111111101111111011100000011111100111100000110000001110000001100000011111
1101111111001100000011111110011000000111000001111000001110000011111110011000000111111100110000001111
0000111111110110000001111000001111110011100000011100000111111101111111001110000011110000011000000111
1111011111000011111110101111100110000001111111011100000011111100111011100110000001111111011100000011
1111111110000001111110011100000011000000111111001011111001100000011100000111011100110000001111111001
1000000111111101111111001111110011111110011100000111000110001111110011111110111111100111111101011111
0011100000111111111111111101111111010111110011111100111111100111111001111111011111111011111100111111
1111100111000000110000001111111111111111111111000111111100111111001110000011111111011100000111100000
1111110011111110111000000111111101111111001111111111111110111011100111111111111000001111111011100000
0111111001111110011111110011000000111111111110000001111111010111110011100000111111100111111001111111
1101000000110000001110000001100000011100000011000000111111001110000001111111011111110011000000111100
0011100000011111110111111100110000001111000001111111111100000011111100111111001110000001100000011100
0000111111001111000011111000011100000111000000111111101110000001111111011100000111110000111111001110
0000011000000111000000111111011100001111111001110110011111110111111110110000001111111101100000011111
1101111111001111110010100000011111110111000000111111101111111011100000011000000111000000110000001110
0000111111100111111001110000001111110011000000111000000111111001111111001101111011000000111000000111
1111110100000011111111111000000111111101110000000000000000000000000000000000000000000000000000000000
0000111000000000000000000000011111110111111110111111111110000001111111010111110000000000000000000000
0000000000000000000000000000001011000000000000100000111110111001111111011111110011000000111001111111
1011100000111111100110000001111111011111110011100000101000000111111001110000001111110011111100111000
0001111110011110000111100000111111001111111111111110011100000011000000111100001111000001111111011100
0000110000001110000001100000011100000111000000111111101111111001111111011110000011111100111111101111
1110011000000111111100110000001110000001110000011111000011111110110000001111111001111111011111110011
1111101100111101111110011110000011111110111000000110000001111110010111110011000000111111100111000001
1110000111111100111111001110000010011111100101100000111111001100000011100000011111100101000000111111
10111011101110010000000111000001110000001111110011111110111000000110000001111111