
========= chunk 0 =========
1010110110011111
0101011111101111
1010110110011111
1110111111110000
0101101100111110
0101011011001111
1011001101111111
1011011110101110
1110110110111111
0111101110111111
1011110111111111
0101111011?01111
0010110110011111
0111101111111110
1010111111011111
0101011011111111
1001010011100001
0111101100111110
0101111011001111
0011111110011111
010101101101?111
1010110110011111
0010111110011111
0101111011001111
1010110110011111
0011110110011111
0101101100111111
0011111110111111
0101101110111111
1010110111011111
0101111011101111
1010110110111111
0101011011011101
1010111110011111
1011111110011111
0101011011001111
0101011011111111
0101101100111110
0000??101??11111
0011110110011011
0110111111111111
1011110110011111
0010110110010111
0101111011001111
1010110110111111
0101101100111110
0101011011101111
0101011011111111
1010110110011111
0101?110111?1111
0101011011001111
0010110110011111
0101111011001111
1010110110011111
1101111111101111
0101111111001111
0101101100111111
01011?1100111111
0101101111111110
1011111111011111
0010111110111111
0101101101111111
0101011011101111
0010110111011111
1010110110111111
0010110111011111
0101011011001111
1010110110011111
0101111011001111
0010110110011110
0101111011001111
0111101100111111
1010111111011111
1010110110111111
0010110111111111
0101101110111111
0101011?11001111
1010110110011111
0010110110111111
1010111110011111
0111101100111110
0011110110111111
1010111110111111
0101101010001010
0111101100111111
00001???01???1??
0101011011001111
0101011111000111
0101101100111111
0101011011101111
0011111110111111
0101101100111110
1111111011111110
0010111110011111
0101111011011111
0010110110111110
0011110111011111
0011110110011111
0010110111011111
0101011011111111
1011110110011111
1011110110011111
0111101100111110
1010110110011111
0101011011111111
0101011011001111
1010110111011111
0111111110111110
0111101101111110
010110110011111?
0010111110011111
0101101110111110
0010111110011111
0101111110111111
1010110110011111
111111111101?110
0111101111111111
1010110110111111
1011110111011111
0101111111011111
0101011011011111
1101111111001111
0101101100111110
001?110110111111
1010110110011111
0101111011101111
1101011011101111
1010110111011111
0101011011000111
0101011111001111
0111101110111110
0101111011011111
1011110111011111
0101011111101111
1011111000011100
0111101100110110
0111101100111111
0101011011011111
0101011111101110
0101111011001111
0101111101111101
0101011111101111
0101101100111110
0101111011001111
1010110111?11111
0010111110011111
01011111?0111110
0010110110011111
1011110110011111
1010111110011111
0101011011001111
1010110110011111
0101111100111110
01011011?1111110
0101011011001111
0101111011011111
0101011111101111
1011011111000001
0111111110111111
0101011011011111
0010110110111111
1001000111011011
0101011111101111
1011?11011001111
1011110110011111
0010110110011111
0011110110111111
0010110110011011
1101111111001111
0101101100111110
0101111011011111
0101011111001111
0010110110011111
101?110110011111
0111101101111110
0101011111001111
0101011111101111
0101011011101111
0101111100110111
1011110110111111
0101101100111111
0101011111001111
001?111110011111
1010111110111111
0101111111011111
0101101101111110
1101011011001111
0101101100111111
1011110111011111
0101111011111111
1010110110011111
1010110110011111
1010111110011111
0101111011001111
0010110111011111
0011110111011111
0010110111011111
1101011011001111
0010110111111111
0101011011111111

========= chunk 1 =========
1011100100101?01
10??101111100110
0010110110001?1?
0111?10100011101
0100110011101010
1010110010001101
0111110110111011
0111011111001111
0011110??1000111
1101100010001010
0011111010101011
1101011101??1010
001111??01000111
0101001010111?01
011011101?101111
100101101?0010?1
1011001001110111
1101110100111100
1001??1100101010
0010111011110?01
1111111111100110
0010110011??0101
0010110101001101
11001?1100101101
001011011??01101
00101110100?0101
0111101100010110
0111011001?00101
01??111010011010
00101111100??101
1101010100101011
1011111010011010
1001011101001101
001111??11010111
0101011010001011
10110111010?0101
1001011001001101
010101001?001010
0110010001001011
1010110010011010
1100111110100010
0011110010010101
1111011101000111
1101011111000101
0011111110101010
1101101110010111
1001111001000101
10101111111??101
101111?110101010
10010110??100110
1101011???100011
01101110101?1010
1111011001000101
1111110110111001
1001001101101011
1101111011101110
0111100100010100
0101000100010111
0101100100101001
0010110110101010
0010111010011001
01??110010001010
10011?1101010111
001111??01000101
1011111010001010
0011110110???101
1011001101001010
1010111010001010
11110110?0101111
1101011001010111
1001111001010001
01011???10011110
0011111001000111
01101100100??111
011011001001?101
01011??101010110
1101011011100111
0011110110100101
0010110010101010
0111100100011110
0101101010101001
0011110010001010
0010110001110100
1111011111111111
0101100100010010
?1???1??11010111
110111101100011?
111???1011111000
1101100110110110
1101011001000101
0100101110100011
11011011???01010
0111011110011001
0011110101001010
011111??010?0101
1001011001000101
0010110101001110
0010111110101011
0110111010101010
11?1011?01000101
0110110??1010101
0010111011???101
0101111100111001
011??11001010101
0111110011??1101
10010111110??101
00111110101??101
010110010100?010
1101010110011110
01110111101?1011
011111110?001101
0111101100010100
1011110010001010
?11111??10001010
0011110??1?00111
1101110110110110
1101100100001011
01111??011101010
?0111100100?0101
11011110110011??
10111111100??111
1001011??1101101
01011101??001011
0010111101000101
0111110010100101
1101110100101010
0101101100100010
0101110110010101
1110101100100011
11010111?1101111
0101110101010101
1001101101100011
0010110011001010
1010110010010001
0101011101111111
0101100100110110
00110010101011?1
0111110110100101
1100101100101010
10011111?1?00101
0110010001110?01
1001011001000101
?010110111101011
1101011000100110
0010111010001111
1010110111001011
1111100100001101
1010101110001?10
0010110111100101
0010110110011?1?
1101011001100101
0111100100101001
01??111010101011
010110?100011111
10?0010110100110
1001011101?01010
1101111?01000101
0110111001110110
0111101100110101
1001011001000101
0011110101011101
1111110111101100
1011011101000101
1011111101101010
1110110010011110
0011111010001010
0100111010011010
1001011001010101
1101011001100101
1101111100010110
1001011101101010
1111011001000101
0011111010001010
010111011??10110
01011001??001110
1011011001101110
0111111101101010
11?1111001001111
010111?11??11010
011011001?001011
0101110100110100
101111100100??11
0010110110101010
001011001???0111
1001111011100101
110110010?010010
1001011001000110
010110011???1?10
011011001??10101
1???10111011001?
0110110010101011
001111001??10111
0010110?01000101
11011111??100010
0011110??1000101
?011110011101001
0011110111101010
1011011101000101
0010110??1001111
1001011000?01010

========= chunk 2 =========
1110000101110001
1101111000110110
0101111001011001
1011111011001110
1101000110111110
00101100001011?0
00101?00101011?1
0010101011011110
?011101001111100
1101000101011001
0101101001011010
1001010000010110
111010010010111?
0100000111100001
?1??101000111101
0011100000111101
1111100100101100
1010000010110011
1001011000011110
0111001011111000
1100110001101100
0010110000101110
01111?0010101101
0110100001111100
0101000010110110
1111100100111111
1010000011011010
101010001?101100
010110?011011101
001010010011111?
1111011000011100
1110?0001011?010
0010101001101100
0110110010101110
1111001011101000
1010100001111100
0010100101111101
0111100101011001
1100000101100000
0101010010111000
1011010100110110
010?000101100010
0011100001111000
0111110100111100
010100000101110?
0101100101011001
011011000110110?
0010100000111100
0101000001011000
1001010100010110
1011010100010110
?010100101111100
011001?00?010110
0101001011010001
1001111001010110
0101000010110000
1010000010110001
111000101111?101
1111001101110010
0101000101011000
0110100100101100
1101000001111000
111011?0001?1101
111110?000111101
1101001010111010
01?1010110111000
0111100001011101
01?1110001011110
1001110001011110
1110100000111100
10111001001111?0
0111000101011?00
0010100001101101
0010100011101101
1010100000101111
1010000010110000
10010100101111?0
1010100000111111
0101000010110010
1010110001111100
0010100110110011
011110?01101111?
1110001011110010
1100001111000100
1010101010110000
1001111101011100
0101001001011001
1010010110000101
1010010010110100
0010101000101100
1101111000010111
0101001010110000
0101101101011101
11011100010110?0
0010110010110100
1010110000101110
0101000001111100
0010110?01101110
0101001010110000
1010101110111100
0111100101011001
0010110011101101
0101000111110000
0011100000101???
0010110110101100
01111000?0111101
0011100000101110
101000?010110100
0101000101111000
11010000010100?0
0010100011101100
1111010101101011
01010000111110?0
01?1100001011011
1010100?01101110
0100110111101100
0111000001011001
01010000011110?0
011110?000111100
1001011100010110
0010100101111100
1111110010101100
0101001011111000
0111100001011010
1010101001101110
11010100?0010111
1101111101011000
1111000101110100
1010100000111110
0010110000101100
1111010010110000
1001010000110111
0101000001111000
1110000111100011
1011101110110010
1110001011010011
110?000101100100
0010100010111100
100111000?011110
1011110010010111
1101101111101011
1010100000111100
?1010?0111011001
10010110?0011110
0101001101011000
0101001011111000
0101110101110010
1010100010111100
00101000101011?0
0101???000101101
0010100101101100
1100001101100011
0111000010111000
1011000011110001
1101011000111100
0101??0000101100
1010100000101100
1111101100111111
0101000101100001
0010111110111110
1111000010111011
0110111111110110
?01?100000101110
010101011111000?
??10111001111000
0101000001011100
0111000000110000
0010110011011011
1011100000101100
1001011001111000
1010110000101110
101110000101100?
01010001?1111000
1111001110110001
0101011010110000
1101001001011010
1111010110110111
0011101001011000
01011001010110?0
0101100001011001
1010000010110010
1001011000011110
0111001001011100
1010110000111101
0011100101111100
0101000001111100
11010100?0110111
0101000001011001
0011100?01101110
1101110001011110
1101110001111010
0010100110101111
0010100011101101
1001010011010111
0111101101011001
0010100001101100
0101000001011110
001010010??10110
0011100100101110
1010100100111100

========= chunk 3 =========
1110111111110001
0000111011011111
0011101101111100
1100111?00111111
1111011011111000
?001110110111111
1010111011000100
11111101101101?1
1011111111111101
0011111111111100
0011111101111111
0110111111111111
0101110111111110
1101111111101100
0011111110111111
0101110110111110
1000111111011111
1111011011101100
0001111011011111
0110101101111110
1?11101101111100
1001111110111110
0011110111111111
0011101111111100
1111011011111101
0111111110111110
01111?1101111101
000111?111111110
0111101111111100
1?11111110111110
1001111111111111
0111111011111000
0101110110111111
0011110110111111
0011101111111100
000111?111111100
0011110111111110
1011101111111101
111?110111111001
0111011111111101
1001110111111110
1111110111111100
0011101111111110
0?11111101111100
0110110110111110
0011110110111110
0101111110111111
1001011011011111
0111101101111100
0001110110111111
0000111111011111
0001110111111110
0?00111111011001
1101101111111111
0001111110111110
0111011011111000
0111111011111000
1110111111111000
1110110111110000
0111011011111010
0011111101111110
0111111011111100
0111101111111110
?001110110111110
0111111111111000
0111111110100010
1111011111111111
011111111111110?
0100111011011111
0001110110111110
?011110111111110
?011111111111100
0001110110111110
0001110110111110
1001?10110111110
1110110111110011
0001110110111111
110111?111111111
0111011111111000
0?01110110111110
0111011111111110
0011111111100000
1111011011111?00
1111111011111011
1110110111110000
1000111011010?01
0011101111111101
1000001111110111
0111011011111011
1101111111111110
0001111011011111
1111111011111000
00100?0101111110
0111101111111100
1110111111111001
1011110111111111
0111101111111101
0001111110111110
1111110111111001
0111011011111000
0111011011111000
?101111011011111
1110110111111000
1001001110110111
0101111011011111
0011110110111111
0011101111111100
0110111111111101
0011101101111100
101110111111111?
1011110111111110
1110100111001100
011111011111?010
0111011011111000
0011101101111100
0101110010111111
0111011111111000
0011101111111100
1001111110111110
0001110111011111
0011110110111110
1011111111111100
0111011?111111?1
0011111101111100
0111111101111100
0100111011011111
0011101101111100
1110110111110100
1001110111111110
0011110111111110
0111111011111110
1000111111011111
0111111101111101
1101101111101000
1?00101011011110
1101111111110000
1110110111111000
0101110111111110
1010111111011111
0101111110111110
1111111111110?00
0001111110111110
0011101101111101
0101111011011111
0111101101111111
0111011111111000
111?110111111011
0111011111111100
1001111110111110
0001110110111110
0001101111100100
1111101111110?00
0111111011111010
1111110111110010
1?01110110111110
0111110110111110
0000110110111110
0011110010111101
1110110111110100
0011111111111100
0111011011111001
1011100101010000
0011101101111110
0111011011111000
0111011111110011
1011111101111110
1111111011111101
0111111111111110
0011101111111100
0011101101111010
0001110110111110
0011111111111101
0111011111111000
0111011111111010
1111011011111100
1011101101111110
0010111111111111
01111010110101?1
0011111111111111
1111011111111101
0111011111111101
0100111111011111
?11111101111100?
1101111111111110
0001111011111111
0010111111010001
0101111111011111
0011111101111110
0001110110111110
0001110110111110
0111011011111000
001111011?111110
0001110110111110
0101110111111111
0011101101111100
0011010111111110
0011111101111101
1100111011011111
0011101101111100
1001111111111110

========= chunk 4 =========
0111001000111111
01?0010100111011
00010110110?0111
0111111110111010
1010110011001111
00001?1001100111
0101110110111110
1101101101110111
0001110001000111
0001110001000111
0011110001010111
0000010100100011
0000101?01001111
1010101000111?11
0010010100010001
0000101100100011
0111011101100001
1011111011001111
0001010100011001
1101010001000111
1001010001?01110
00011011011?0111
0001011100010011
0010101110?01110
0110110010011110
1001111001110011
0011110001001111
000010110110?011
0?01110011000111
?00010101010?011
1000011101011001
0010110111011111
0010101100100110
1000111100100011
0001010101001111
0011110001000111
0101010001001111
0001011001000111
1111001100111011
1011011001111111
00001110011?0011
1101111101101111
00011101?1001110
001?100010001111
0011101?01100111
01?0111000101011
10001?1000100011
1001110100011011
?001010001100111
0000101010100011
1010011100111101
0000101001100011
1100010001110110
1110001000111111
1000101001001110
1011101110001110
0010100110101110
01?1000110011101
0111001100011101
1010100100011101
1001111001100111
0011101?10101110
0011010001000111
01101011?0101011
1101001100011101
1001100011111101
1010100010011101
0011100010001110
1010010100010101
0000101001110111
1001111010101?11
0001?10001000111
1001010011000111
0101111101100111
1111001010111011
0101100110011111
0000111110110011
1001101010101011
01101?0011011110
1?01101000100011
1111011111010111
1110001001111011
0101000110011101
0011101100011001
01?1000111011111
0101100100111011
0001010001000111
1100111011101001
0010110011001110
00001010?0100111
0000010101011001
0010100111001110
1111101011110010
0001011011001111
1101000100011111
0000111100100011
0101011101100111
11?1101001100011
0101011110011111
0010101011101110
00111000111?1111
100?011100010011
0111100110011111
1100100111110100
01?0101001111111
0000101111100111
0001010001001110
0001011001001111
0001010011101111
0001010001100111
0101010001000111
1111011011111011
0101010110011101
0110110010001110
0101010011001110
0111110000010110
0010100010001110
01010100010?0111
00?0111010101110
1?00010110111001
0101101?00100111
0011011001000111
0010100010001111
1001011001101111
0001110011000111
0000010101010001
0001110001001111
0101100101011111
1000111010101111
0100111001110011
0010101110001110
0110011101011001
0110010011101101
1010001000111011
1110011001000011
1010001001111111
0111100101011101
0000101011101?11
01001?1001101011
0000111100101011
0101101000111111
0010101000101111
0001110101000111
0000011110010001
?001110011001111
0010111011001110
0111001100011101
0010101010011111
0111010011000111
0101010110010001
1010011001111011
1111001?01111011
10101?101000111?
01010011000111?1
0100111100100011
0000101100111111
0010101?00100111
10101110010001?0
0101001111011101
1001010001010111
0011100?10001111
0011101101111101
?001111111100111
0011000110111111
1111010001110110
0111100010001110
0010100010101110
0010100110001110
?001011001001111
1100100011111101
000010101?100011
0001010011000111
0010100010101110
0011100010101110
00101001111?1111
0011110011000111
0?01111110010001
0101100011101101
0001010001010111
0010100011001110
1110101011101110
1000110100011001
0110100110001110
0111111000110011
00011010101?0011
0101010011111111
0000110100010011
?001010001100111
0100111?01?00111
0000111100100011
0111101000111011
0?01101000101?11
0011101001100011
010010101010?011
0101110101000111
0001110001010111
1001?10001010111
0011??1011001000
0001011001000111
0110101010100011

========= chunk 5 =========
0111110111011111
1101101111101100
0110111110110011
0?01111111101111
1101111101110111
1011011111011001
111111101?000111
0111111110111111
0110111110110111
0111111110110011
111111111011?111
1011011111111001
0110111110110011
0111110110011111
1111101111101100
1011111111011011
0111010111110101
1101111101111111
1101111111101100
0111111110111111
1111111101111111
0110111110110111
101101111?111011
1101111111111111
11?1111101100111
1111011111111001
0110111110110111
1111011111011011
111?111110111011
1011011111111011
1101101111011101
1101111101101111
1101111101100111
1111111111110011
0110111110111011
0110111110110011
0110111111110011
1110111110110011
1111111110011111
0110111110110011
1011?11110111011
11001?0110111101
1101111101101111
1101111101110111
1011111111111011
1011011111011011
1010111110111011
1101111111101101
0110111110111011
1011111110110111
11?1111111011001
1011011111011001
1111101100111011
111111111?111011
1101111011001111
1101111101100111
1111111111101111
1011110110011101
1011111011001111
1111111101111011
1110111110110111
1111111011001110
1110111101100111
1111011111011001
1111110111011101
1111111001110110
1011111111011101
1111111011001110
1101101111011001
1111111111110111
1011111111011101
0111111110110011
0110111110110011
1011011111111011
0111110110011110
1011111110011111
1111111111011001
1011011111111001
11011111111?1111
1111011111011001
1011011111011110
0111110110111111
1011111111111101
0111111111011100
1111111111001101
0111110000010100
011?111110110011
1111110111111110
1111111011101110
1011011111011001
1101111111101111
11011111011?0111
0001111101011011
0110111110111011
11111110111?1110
1011011111011101
0110111110111111
1011011111111101
1111110110111101
1101111111100111
1101111101110111
1101101111011001
1111111011101110
0111111111110111
1011111111110011
1011011111011011
1101111101110111
0110111110111011
0111111110110011
011?111110110011
1110111111110011
1011111100011001
1011111111101110
1111111111001110
1111111101110111
01?0011101101111
1101111101101110
0111111101100111
1101111101100111
1101101111101101
0110111110111111
0110111111101111
1101111111100111
01101111011?0111
0110111111100111
1111101111111011
0110111110110111
1111111110011101
1110111111111?11
1011011111011011
1101111101100111
1101101111011001
1111011111101100
1111110100111011
1101101111101111
0111110110111011
1111111011001110
1111011111111011
1011011111111001
1111011111011011
1111101100111110
1111011111111011
1110111110111011
1111111111101110
0111111101100111
1101111111001110
1011111011011101
1011111111111111
0110111111100111
1101101111111111
1111111110111011
1111110111111011
1111111011101110
1111111011101110
1111111111011001
1110111110110111
1111111111011011
0001111011011111
111111011?011101
0110111110110111
1101111111110111
0111100110011111
11101111011?1111
1111111111001111
1111111111111110
1101111101101111
1111111111001111
1101111101101111
1110111110110111
11110110011011?0
101101111111?111
0111111101101111
1101111101110111
1101111101101111
1101111101001111
1111111111111011
1011011111011101
1111110011101100
0110111110110011
1101111101100111
11011111?1101111
1101111111111101
1101111101001110
1011?11111010111
1011111111110011
1111101100111011
1101101111101110
1110111110110111
1110111110110011
1011011111011101
0111110110011111
1011?11111011001
1011011111011001
1111111111011011
1110111110110011
0110111110111011
0110111110110111
1110111111110111
0110111110110111
1011111111011001

========= chunk 6 =========
1101111001010110
1110110100110110
1011100110010111
1010111100100111
0111?00101110101
1101110011001010
1101011011010101
0001001001111101
1011100100010101
1011011010001011
1011000110011011
1101100001000101
1011110010110101
101011?001010110
1111100011?00101
1111011011011010
1101001100001011
1110111111111011
1111110001110010
1110010110111101
0110000110010101
1011001010101110
1011000100111111
1110100101011101
0111100110010101
1101100001011101
1011000100011111
1101100001110111
1111000010011101
1101100001010111
1101110011001111
01100011?0010111
0110000110110101
1111000011101110
1111000011011010
1011000011001010
1011000010001010
1011?00010001010
0000100010101111
1011001110001?10
1011000010011110
1011111011011000
111000011?010101
0110000110010101
1101110011100101
1111101001010101
1011010011?11101
111?110001100010
1?11011110101011
1011010100011101
1111101001010101
1101110111001101
100010?010111101
10010011?1011011
111010111?101011
0110000100011101
0110000100010101
1100111001111110
1100001000100111
0001101?10111101
0110011001010110
1100010001010111
0111100101011101
1111100101101111
1110100110111101
0111000111011011
1010010001010110
1110001100111111
1111100?01000111
1011100110001010
1111100001100101
1011011110101010
1?1100001100111?
1101100001010101
1100001010111011
110001?001110111
1111110001001101
1101100001000101
0111110100010111
1111001010?01010
10?0000111111011
1010011010101111
1010010101010111
10001001?0111101
1010011111010110
1110011111111111
1011000010011010
1111011001011001
1101001001101011
1111110111000111
1110110100110010
1110100100011101
0101011100111001
1011000111011011
1110001001101011
1101110001000101
1?11011110001010
1101100001011111
1010010011110110
0110000100101111
0110001100101011
1101111101010101
1100001000101011
0111011000111001
1011000010011010
1101100101011011
01101101001?1?11
1111?00011001110
1111010010101010
101100?011011101
1011000011101111
0101101111011100
1100011000101011
1100011001011111
?110000100010101
1?11101111110000
1100011010101011
111?011000101011
0110101011101011
1101101001010101
1011100011001011
0110101100101011
0110110101110101
01101?0101010111
01101?0110101111
1101100001000101
1111001110001111
11?0010101110110
1111001?11011010
1101110101000101
0110010101110101
110111?1?1010101
0110011010111110
0001000111011011
1101111001111101
0000100011111101
1100001100101011
1101110011101101
1101111001?00111
101100001?001010
0001111101111011
1111111011011010
101110001?001011
11101101?1100010
0111100100010111
1100101010101111
11?0110110101101
1001010001010111
111?001100101111
1110110010100010
0000110110111101
1011001101011111
1110011001010110
110?001000101111
1101111001000101
0110000100010111
1011110010011111
01011110011?0011
1000110001011111
0111101110110101
1110010100011101
1010110110101011
0111000101010111
1110001001101011
0110011110110111
0110011?01111011
1101011000101011
0110100101110101
1111101010001010
0011001011110110
101110101000111?
0111100100011111
011?010100110101
011010110?010101
11100010?0111011
1011000111010111
1101100001100101
0110001010110110
1011110110010101
0110000101011101
0110100110111101
11111110?0100010
1100001011010110
1011010010?01010
1111001010011011
1000100010101101
1110111010110010
0110000101111111
1011000010001110
1111101011101010
1100011001010110
1110110010100010
1101100011100111
11111100011?01?1
1011010010?01010
1011000010001011
1011101100010101
1111111010010001
0110100100010101
1111100101?00101

========= chunk 7 =========
1101011101100100
1011111110111001
1111010111011010
1111011110111111
1011110111001000
1101101011110100
1110111001111101
0111100001111111
1011010111011100
1101101111110101
1111101111101101
1110111111110011
1111010111001000
1101011101100110
?111110101110110
1111101111110101
1001111111101111
1111111110010011
1111011010111001
1111111111001000
1011011111101100
1111101011101101
1011010111001111
1011110111001000
1111010111001010
1111110101110011
1011011111001101
0111111101110010
1011110111101000
1110110101110111
0110110101110011
1011010111101100
1011010111001000
11011110111101?0
1101101011100100
1101111011101111
11?1101011101100
1101101011100100
1011111101110100
1101111?111001?0
1101100111001000
0001110111111110
101101011110101?
1111011111011000
1111110101110010
1110110101111110
1111111111010101
1?11011011111001
1110101110011001
1011010111011100
0110110101110111
1110110101110010
1110111101110100
0101111111011000
0110111110101101
1011111111101000
1111110111011001
11010111001?0010
0110101110011001
1010111101101001
1101011101110010
1101111101101010
1111110111101010
1110111101110010
1111111001?01100
110111?010001001
1101011110101010
1110101111010001
0110111111110100
1101101011100100
1110110101110110
1111101011100100
11011110111?0100
011?111101111010
0110111110010001
1111111101100011
0110110101110010
0110111101110110
1011110111011001
1111101111100100
11111111110101?1
1010111011000110
1111111110100100
1011111010111100
1101011110110110
?110011111100011
1101101111100110
01011?1101011111
0110101111010011
0110110101110011
1011011010111101
1011110111001000
1110011010010111
1101101111100101
011111111?110001
1110110111110010
1101111011101100
011?110101111011
1101111101100010
011011111?010111
0110101110111111
0110111101111010
0110101111011011
0101111101111110
1101101011100101
1111101011110100
111010111?011101
1111111111111101
1101101011100110
1011111111101100
1101111111101101
1000110000111111
0110101110010101
1101111100100110
1111011111001000
1000111011111010
0111101110010001
0110101110010001
0111101110010010
111011?111111011
1101111011101101
1111101110011001
1011011111001001
1011010111101011
0110111111010001
0110110111110011
1101101011110110
1101011110100010
1111101111110100
1110110111110011
10111101111?1100
0110110101110111
1011100111111000
0101110011011001
0110111111111011
1011111001000100
0111101110010001
0110110101110010
1110110111110111
110110101110010?
0111110110001101
1111101011101111
1101101011100101
1011011010111001
1011010111001000
0110101111111011
1011111001100100
1101011100100010
0110101111010?01
1111011110111011
1010111001001100
0101110110010000
1101011100111110
0110101110010011
0110110101111110
1111011111001110
1101101011101110
1110111101101110
11011111001?0111
1111010111011101
1111010111001001
1001110011110110
1011010111011110
0110101110010011
1011100100110001
0110101110110111
1110101110010001
1111010111001000
1101101011110100
1111110100110000
1101101011100100
1111011111001110
1011010111011100
1011111111001100
0111111111010110
1111110111001000
0110111111110011
1011100110110000
1011011111011001
1111111111001110
1011111111001100
101101101?111011
1101011110100110
1101111111110100
1101101011110100
1110111011110101
1011011010111111
1011010111001010
1111111011100100
1111011010111101
1101011110100010
1?11011011111001
0110110101110010
0110111101110110
1111101111100100
1101111011110100
1111111111101000
?111111101111100
1011010111101100
0110110101110010

========= chunk 8 =========
0001111111011111
0111000000111111
1000100111011011
1111011111011110
1000001111011011
110?000111011111
1010010101111011
1111101111000110
1000000111011011
1101100011111111
0100000011111101
1010110011101101
1000000111011111
0011011111101111
1010000111101101
1010001111011011
1101101101111101
0000101110111111
1011000?00111011
1000001110110111
1000001111011011
1010010111?11011
1000001111011111
1000010111111?11
100?000111011011
00100001?1111110
1000001111111011
101100?00111111?
1001000111011011
011011000111011?
0101001011101111
1001110111011?11
1000100111011011
0100001111101101
0101101011101111
1000000111011011
1111100011111101
0100000111101101
0000111011011111
1100000011101101
1010000111011011
1011110011100111
1100010111011111
1010101110110111
0110000111101101
0010100101110110
1000101110111111
0011010101111111
0000011110111111
1?00011101101111
0010001001110111
0111010011110111
1001111111011111
0011101101111101
0000111011011111
1000001111011011
?010011101111111
0010011101101111
0010101111111111
0001110111111110
?0?0011111111111
0010111011011111
1100000111111011
0111000001110110
1001111110111110
0001110110111110
0011111011011111
11?0111110110111
1011?00111011011
1000000111011111
1?10100101110111
0110010011101101
01001?0111111011
0011000001111111
0100101110110111
0100111101111111
1011000101111110
0010100001110110
1000111101111111
1000010111011011
1111010111110101
0011111011011111
101?111011111111
1010011111011110
1000011101101111
1101010110110101
0111000011101101
1010110111011101
01?0011111101111
0011000011110110
0101101?01110110
1001110111011011
0110111100001111
0110000011111111
1000001110110111
101001000111011?
0100?00111111011
1111000101111110
0100111101101111
?001111101101111
0000111101101111
00100?0011101111
0101011101101111
1001000001111111
11100?0011111101
01?0000111101111
1001011111111111
0110100011101101
1101000011101101
1001001111011111
10000?0111111011
1111110101111011
0010?01111110111
1000011111111111
1000000111011011
1110010101?0111?
1101001111110111
0100001110111111
0000111101101111
1011?00101110111
1011111111011111
0000001111111111
1101001111111011
0110001110110111
0000111110111111
0000101111111111
1010000111111011
1100111101111111
1100110011101101
0110000011101101
1000101110111111
01110001?1110110
1110110111110111
0111111110111110
1111111001101001
0001111011111111
1100001110111111
001000100111?110
0110000001110110
0110000111111101
0111111101111101
11001000111011?1
0101000011111101
1001010000111011
1000000111011011
0000001111110111
0100111111011111
1000111111101111
?000001111110111
0010001?01111110
0001111011011111
1011111101111101
?010111011011111
0110001111111111
0100000011101111
1001010111011111
0100001111111101
1110011100111100
?100011101101111
1000000111011011
1000010110110111
1?01011101101111
0000111111101111
0000011110110111
0011111101111111
0000101111110111
0?0001111011?111
1011000111011011
0100001011101101
1011101101111101
0111001011111101
1000001111011011
1100001110110111
1001100111011011
0000011111111111
1000111111011011
0010011101110110
0011111101111101
1010011110111111
1101000111011011
100?011111011011
1001001001110110
00010111?1101111
1110000011101101
0100001011111101
00?0111011011111
0001001110111?11
1100?01111011011
0111000111011011
0001000010111011
0000111111101111
0011001101111111
0011100001110110
0010101011101111
0101001?11101101
0100001011111101
111?100111011111
1000100100011101
100?0?0111011011
101?010001110111

========= chunk 9 =========
0111111001100011
0111110101111001
1111101111011010
0110101101011110
1110101111101000
1110101111?01000
1100011111010010
1011100011111011
1110101111101110
11110101111?0101
1111110111110110
1111010111100100
1111101111001000
1010111101110001
1111010111100110
111?101111011001
0111111111111110
1111011111?10001
0111110101111001
11?1011111010001
1111111111001000
1110101111011?01
1110101111001100
1110101111001100
1110111111001000
1111101011110101
1111111111001000
1111101011111010
1110101111101010
1111101011110010
111111011111011?
1110111111001000
1111101111101000
1111110111100100
1111011111100100
1110111111111000
1111010111101100
1111010111100101
0111111001000011
11110101111?1110
1110111111001001
1111101101101011
1111101111011000
1101011111010010
1111110111111100
1111101011110011
11010111100110?0
0111110111111011
1101011110010011
1010111100100001
1111101011110010
11111?1011110010
0101111001100011
0111110101101111
1101111101000011
1111111111101000
1?11111100100001
101011111?100111
1111011110010000
1011111011110111
1010111101111?01
1111111011000011
1110101111101100
1111101011110010
1011110111000111
1011110011000111
0101111001001011
1111011110110101
1110101111011001
1111101111101101
1111111011110110
1111111011111010
1111101111111010
1111101011110010
1111011110111010
1101011110011010
1111101011111010
1111101011110010
1011111110110001
1111101111?11100
1111101111111101
01011111?1001011
0111111001000111
1101010111001110
1110111100100101
1100101111000001
1111010111101100
1011111011111110
1010111101100011
1111101111111010
1111101011110010
1110101111101010
1100110011111101
1111010111110110
1101111110010001
1111111011110110
1111111111001000
1111111111111010
1110111101110101
1111111100101001
111111110010?011
1111011111100100
1010111100100001
11111101?1111101
1111010111101100
1111110111100101
1111111111110100
1111010111100101
1111010111101110
1111101111001?00
11101011110010?0
0100111110101111
1101011110010000
1110111100111101
1110111111001010
1110111111110101
1101011110110000
1101111111110010
1010111101101001
1111101011111010
1011010011111010
1101011111010000
1111111111101000
1111111110010000
11010111100100?0
1101011111110000
1110101111101101
101?111111100?11
1111011111100100
1111111111100101
1101111110110010
1111111011111010
1110110010111110
1011111011001111
0111011011110000
0101111001000011
1111011111110000
1111111111110100
1111101011111010
1111011111110100
0111101100001111
1111010111101100
1111010111100100
0111110101111101
1110101111001101
1101011111011010
1101111001000011
1011111111100101
1111011110011000
1111101011110110
0111111101000011
1111100100011111
0101111001000011
1111011110010101
111111?111100101
1111101111011?00
111111111111010?
1111101110101111
1?10111100100101
1110101111001010
1101011110111010
0100101101011000
1010111100101011
1101?11110010001
0111100110111111
1111111110010010
1111111110110001
1111101111101000
1111110111110010
1111111100011111
1111?11111101101
1111101111101100
1101111110010010
1110111111001000
1110111111101101
1110101111001000
1111101111111?10
011111010?011111
1101011110010011
1110101111011000
111010111111111?
1111101011110010
1111111100100001
1111010111100100
1111011111100110
0101111101100011
1111110101111011
1111101111001000
111?101111101100
0111111101111011
1010111100110101
0111110101111011
1111101011111010
1111011111100110
1111011111101100
1111010111110100
1111101111001011
1111111101011110
1110101111010111
1111101111111010

========= chunk 10 =========
1111101101101110
0000111111101101
1111101011111010
111100101111?100
0111110111111101
01111101?1101101
0001110111111101
0101101011011101
0111110101101101
1011111?10110110
0111111010110110
?011111110110110
0111110111101101
111111011011011?
0011111010110110
1111011110110101
1110011110111010
1111101111011010
1000111110101101
1111111011011010
0111110111101101
0111110101101111
0111110101111111
1111110111101101
0111111101111101
0111111110110110
1111111011011110
0011111101011111
0111111101101111
0011111101011011
1011111110110110
01111101111?1101
1111101011011011
1?1111101011011?
0111111010110111
0111111111111101
0011111010110110
1011111011110110
1110101111101011
1011111111110111
0111110101101101
1111011100111?00
0111111011110110
1111101111011110
0111111010110110
0001111101011111
1111111111011010
0001111110101101
1111101011011011
1111010110110101
0111111111111111
0001111101011111
1110101111101110
1110110110101111
1110101101111011
0111110101111101
1111011110110101
1111101101101010
1111101011111010
1101011011110111
1111110110111101
1110101101101110
1111111111101101
0111111101011011
1101011111110101
11010111110101?1
1111111111111011
1111111110111111
0111111101101101
0111111111101101
0111111101011111
0001111111011111
0111110111101101
0001111101111011
1111101111011010
1111101011011010
0011111101011111
0?01111111111011
1111011110110111
11111101?1111111
1101011011111111
1110101101101111
1101111011110101
0111101111100101
1111011110110111
1101111111101111
1111110111111101
1010011111110110
1110101101101111
1001111101111011
0101111101011011
0111110101101101
1?10101010110111
0011111010110110
111110101101101?
0011111101011011
0111110101101111
0001111101011111
1111010110110111
1111010110111101
1111010111110101
01111101111?1101
1111011110111101
?0?0111111101111
0111111010110110
0011111011110111
1111111011011010
0011111?11110110
0011111010111110
1111110101101101
0111110111111101
1010101110011100
1111101011011011
1111010110110101
1111101011011010
1111010100111111
1111101011011010
1111111011011010
1111111110110101
0011111101111011
1111111111111001
1111101111111010
1111111101111101
1111101011011011
1111101011011010
1111101011011010
0111111101111101
1110101101101010
001111101?110110
0111111111110110
1111101011011110
0001111101011?11
1011011110101110
1101011011111111
1111011010000111
1110101101111010
1111111011011010
0011111010110111
0101111111111011
?011111110110110
1111111111101111
0111110101101111
0111111010110110
0000111111110110
0111110111111101
1111111011111111
1110101111101011
1111010110110101
1111101111111010
1011111101011?11
1110101101101010
101011011?111011
1111101101101010
1111011110110111
0011111011111110
1111101111011110
0011111011110110
1111010101101011
1111010110111111
01111111011?1101
1111101111111010
0111011111010101
1111110110110101
1111111111111010
1111110111101111
1111101111011010
1111010110111111
0111111111101101
0011111111111110
1011110110101011
101111101011?110
01111101011011?1
1111101111011010
1111101111011010
1111010110111101
0111110101101101
1?01111111011111
10111111111?1011
1111101011011110
0111111101101111
11111111011011?1
1001111101011011
1111011101111010
1111111010110111
?011111010111110
1110101101111110
00?0111110101101
0111110111101101
0111110101101101
00?0111111101111
1111010111111111
00?0111110101101
0111111111011011
0111111011111110
0111110101111101
0011111110110110
0111111111101101
0100001111101111
1111011111111101
0101111101011011

========= chunk 11 =========
1110011100111101
1110101110011110
1011101111111111
1100111111101111
0111110111101111
0101111011110111
0101010011111011
1011111111111010
0111110011100111
1010111001110111
101111101111?111
1110111101110011
0111110111101111
1110111111111111
1110111101110011
011100111001111?
010101?110111100
1111100111001111
1010101111011100
1111100111001111
0101110011101111
0101110011100111
0111110011100111
0101110111111111
0111110111111111
1010111111110111
1011110111001111
0101?11110111101
1101110011110111
0111111110111?01
1110111011110011
1101110011100111
1011100111101111
1010111001110011
1110111001110011
0101110111100111
1010111001110011
1010111101111011
1110011101111100
1010111001111111
0101110011101111
1101101010101101
1010111001111011
1011110111101111
1010111101110111
1101011101111001
1111101111011111
1011101110111111
1011111111011111
0111001111111110
1111111100111001
0101111100111001
1111111100111100
1001110011110011
1110111101111110
0101110111001111
?111101110011110
1110111110111100
1011100111011111
1100111011111111
0111001110011110
1110011111111100
0111111011100111
0111?11110111101
1100111101111001
1110111001111001
1110011110111100
11111?1110011110
0101110011101111
1101110011100111
01111111101111?1
0101011100111011
0111111011100111
1101011101111101
1111110111101111
1011111111?11111
01?1111100111001
1101011101111011
1111111100111101
1111110011110111
1111001101101101
1101111111110111
1100111001111001
0101101111000010
0111111111011111
1100110001111101
1101111011100111
1101?10111001110
1111111100111100
1101011100111001
0111011110111011
0101110011100111
1110110101001111
1110111011111111
1011100111011111
0111011101111001
1111110011100111
1110111011111111
0111011110011110
1111011111011110
0111011110111110
0101110011101111
0111001110111110
1010111111011110
1011111001110111
1110111001110011
1111101111101111
1010111001110011
1011111011110111
0101111011110111
0111111111101111
1111001101101011
1011101111101111
0111?11110011111
10111?0111101111
1111011010101111
111111?111001111
1111111111001111
0111001111011110
0101011101110111
1111111101111100
1011110111001111
0111110011100111
1011100111011111
1011100111011111
1111110111?11111
1101110111110111
1110011100111100
1010111111110011
10101111?1111111
1011110111111111
0111111110111001
0111001111001101
1101111101111101
0110110101010101
1110011110111101
1111100111111111
1011111?01110011
0111011100111001
1110111001110111
1001111011110011
1101110011101111
1010111011111011
1101011111011100
1101110011110111
1011101111001111
1110011110111100
0111001110111100
1011110111111111
01010111001111?1
1110011110111111
1001110011111011
1110111111111001
1111001110011110
1111111101110011
1111100111001111
1010111101111011
1001111011011010
0111001111111110
0101110011110111
1011111111001111
0101001111100111
0111001110011110
1011100111001111
1111111011111111
1111100111001111
0111001110011111
0101110?11110111
1011111001110??1
1001110111100110
1110111101111?11
0101111111100111
11111?0111001111
1111100111001111
0111001111111111
0111110011100111
0111011110111011
1101110011111011
1?11101111011111
0101110011100111
11111100111?0111
0101011101111001
1111011110111101
1011111101110111
1010111011110111
1111011100111101
1010101110011100
01?1110111110111
?1111100111101